EvalID,TimeEvaluated,ObjectiveValue,Gap,UpperBound,LowerBound,ConfigID,MipStartID,WorkerID,Iteration,Phase
1,6,28.04,28.040000,28486.750000,20498.742004,14921508010286178949,null,0,1,0
2,12,27.74,27.740000,28402.860000,20522.938995,8683817217222751575,null,0,1,0
3,19,27.74,27.740000,28402.860000,20522.938995,1109746989676116089,null,0,1,0
4,25,27.74,27.740000,28402.860000,20522.938995,18425285283540328501,null,0,1,0
5,31,27.74,27.740000,28402.860000,20522.938995,16080314484600567712,null,0,1,0
6,38,19.74,19.740000,25163.870000,20196.025839,2045221141382991416,null,0,1,0
7,48,37.4,37.400000,25427.670000,15917.913566,17648355577354814956,null,0,1,0
8,55,18.96,18.960000,25658.780000,20794.152351,10392390143190524088,null,0,1,0
9,62,18.55,18.550000,25350.940000,20649.350026,7177806108033504621,null,0,1,0
10,68,21.81,21.810000,26423.200000,20661.161670,6023742032355566393,null,0,1,0
11,75,44.43,44.430000,27446.150000,15250.715616,10279110393141153865,null,0,1,0
12,82,19.23,19.230000,25336.240000,20463.888402,263783759442696835,null,0,1,0
13,89,17.81,17.810000,25715.420000,21134.726964,15208568767093478254,null,0,1,0
14,95,25.49,25.490000,25705.260000,19152.679426,14233769262875148852,null,0,1,0
15,102,17.81,17.810000,25715.420000,21134.726964,18022062942702140837,null,0,1,0
16,109,17.81,17.810000,25715.420000,21134.726964,2463459940963037975,null,0,1,0
17,116,18.08,18.080000,25310.710000,20733.592056,2304371804769202522,null,0,1,0
18,122,17.81,17.810000,25715.420000,21134.726964,4589508303281281185,null,0,1,0
19,129,17.81,17.810000,25715.420000,21134.726964,1428785683028362268,null,0,1,0
20,136,18.75,18.750000,25127.110000,20416.952344,3681709543311468520,null,0,1,0
21,6,26.14,26.140000,24913.500000,18401.900000,6439873165248256756,null,1,1,0
22,13,28.1,28.100000,25743.700000,18509.100000,11255561039145532449,null,1,1,0
23,20,27.29,27.290000,25060.600000,18222.500000,16491404846762771235,null,1,1,0
24,27,25.49,25.490000,26141.200000,19477.600000,14641529875676470423,null,1,1,0
25,34,37.53,37.530000,26812.400000,16750.100000,6180013470909553343,null,1,1,0
26,40,26.97,26.970000,25204.500000,18407.900000,18181308809607689415,null,1,1,0
27,47,25.12,25.120000,25002.800000,18722.500000,167073399308404491,null,1,1,0
28,54,22.86,22.860000,24891.800000,19200.800000,13315893772566644975,null,1,1,0
29,61,22.59,22.590000,24891.800000,19269.700000,16283620139281118441,null,1,1,0
30,68,25.03,25.030000,25922.800000,19433.800000,7778748528574311284,null,1,1,0
31,74,22.59,22.590000,24891.800000,19269.700000,16201748209214445935,null,1,1,0
32,81,37.22,37.220000,25983.100000,16312.600000,16927355327405400418,null,1,1,0
33,88,36.76,36.760000,25507.300000,16132.000000,1385995993094768941,null,1,1,0
34,95,22.11,22.110000,25968.700000,20225.800000,15488138871442362707,null,1,1,0
35,102,22.11,22.110000,25968.700000,20225.800000,4292852031656992873,null,1,1,0
36,108,18.67,18.670000,24973.000000,20309.300000,16252345148952958415,null,1,1,0
37,115,43.83,43.830000,24763.800000,13908.800000,17922380461463512969,null,1,1,0
38,122,24.61,24.610000,27143.900000,20462.900000,12977055571176866842,null,1,1,0
39,129,23.75,23.750000,26379.600000,20114.400000,16389203036566522582,null,1,1,0
40,135,22.1,22.100000,25975.200000,20234.000000,7905050778918063360,null,1,1,0
41,6,23.72,23.720000,25125.400000,19166.900000,11502841505915629043,null,2,1,0
42,13,35.28,35.280000,26008.400000,16831.500000,9540605019386224781,null,2,1,0
43,20,24.59,24.590000,25075.900000,18909.000000,506689512661984095,null,2,1,0
44,27,23.95,23.950000,25289.200000,19233.500000,16534604556155127503,null,2,1,0
45,33,23.28,23.280000,26544.400000,20363.700000,632225661182783722,null,2,1,0
46,44,37.39,37.390000,25427.700000,15921.100000,1999079447715496210,null,2,1,0
47,50,23.28,23.280000,26544.400000,20363.700000,16268028170427216568,null,2,1,0
48,57,28.19,28.190000,28245.000000,20281.800000,5552503888807831841,null,2,1,0
49,63,19.61,19.610000,25149.400000,20217.400000,17922463565195657918,null,2,1,0
50,70,24.34,24.340000,27022.400000,20443.900000,18210573491555170095,null,2,1,0
51,77,38.63,38.630000,27039.000000,16595.100000,6377533507182087280,null,2,1,0
52,84,21.26,21.260000,25881.000000,20379.200000,5870200023801589044,null,2,1,0
53,90,38.63,38.630000,27039.000000,16595.100000,12858565247185448507,null,2,1,0
54,97,21.08,21.080000,25489.300000,20116.500000,6008160145526583867,null,2,1,0
55,104,18.55,18.550000,25350.900000,20649.400000,6613738950792559993,null,2,1,0
56,110,18.96,18.960000,25658.800000,20794.200000,911245564218658863,null,2,1,0
57,117,18.55,18.550000,25350.900000,20649.400000,5385398698875574278,null,2,1,0
58,124,18.89,18.890000,25482.900000,20668.600000,6411214482036915483,null,2,1,0
59,131,19.36,19.360000,25585.500000,20632.400000,14741485405408265389,null,2,1,0
60,137,19.36,19.360000,25585.500000,20632.400000,5690802820361532173,null,2,1,0
61,6,31.81,31.810000,25364.000000,17295.600000,12710294232408245987,null,3,1,0
62,13,31.6,31.600000,25754.700000,17616.400000,14141972750826331920,null,3,1,0
63,20,29.81,29.810000,24921.800000,17491.500000,1719006136941430654,null,3,1,0
64,27,19.71,19.710000,24969.300000,20048.600000,3070748948011856690,null,3,1,0
65,33,27.16,27.160000,27838.200000,20276.900000,13678389088440960027,null,3,1,0
66,40,26.64,26.640000,27711.900000,20328.300000,12495776668100176855,null,3,1,0
67,46,25.66,25.660000,27069.300000,20122.100000,4752524936342512288,null,3,1,0
68,52,19.71,19.710000,24969.300000,20048.600000,6020949297448273999,null,3,1,0
69,59,22.41,22.410000,26010.600000,20182.400000,11369383045152222033,null,3,1,0
70,65,19.54,19.540000,24969.300000,20090.700000,12495291592387620240,null,3,1,0
71,72,22.41,22.410000,26010.600000,20182.400000,2602790238602251004,null,3,1,0
72,79,27.16,27.160000,27838.200000,20276.900000,5211903635556649409,null,3,1,0
73,85,20.73,20.730000,25663.900000,20343.400000,17694278607596130501,null,3,1,0
74,92,19.54,19.540000,24969.300000,20090.700000,17122610962949286904,null,3,1,0
75,98,19.54,19.540000,24969.300000,20090.700000,13727333473417577712,null,3,1,0
76,108,37.37,37.370000,25427.700000,15924.500000,17043467139070126999,null,3,1,0
77,115,22.65,22.650000,26010.600000,20120.100000,4263571303927560231,null,3,1,0
78,122,31.82,31.820000,25630.400000,17474.200000,6665593044415268362,null,3,1,0
79,128,19.54,19.540000,24969.300000,20090.700000,7127471543284162878,null,3,1,0
80,134,19.54,19.540000,24969.300000,20090.700000,12258919670836549631,null,3,1,0
81,6,16.4,16.400000,24960.600000,20866.100000,7203309977906348516,null,4,1,0
82,13,17.95,17.950000,24942.100000,20466.000000,14519384315238414128,null,4,1,0
83,19,16.4,16.400000,24960.600000,20866.100000,9515447002698046833,null,4,1,0
84,26,23.27,23.270000,26324.800000,20200.400000,1891717724914627594,null,4,1,0
85,32,16.4,16.400000,24960.600000,20866.100000,3095876906511409261,null,4,1,0
86,39,23.56,23.560000,26754.900000,20450.400000,902406712233467074,null,4,1,0
87,45,16.59,16.590000,24960.600000,20820.200000,10853114197838132935,null,4,1,0
88,52,19.58,19.580000,25779.600000,20732.000000,10289145601927530987,null,4,1,0
89,58,16.4,16.400000,24960.600000,20866.100000,17254290090861310077,null,4,1,0
90,65,20.69,20.690000,25815.200000,20474.900000,17957454947532710327,null,4,1,0
91,71,26.41,26.410000,28062.100000,20651.000000,2257006393875630209,null,4,1,0
92,78,16.4,16.400000,24960.600000,20866.100000,8967413550026027053,null,4,1,0
93,85,18.72,18.720000,25414.000000,20655.700000,13305254434300192981,null,4,1,0
94,91,16.95,16.950000,24960.600000,20730.500000,7650612008254908787,null,4,1,0
95,98,29.72,29.720000,25290.900000,17774.500000,5726997178966391211,null,4,1,0
96,105,19.57,19.570000,25779.500000,20734.100000,7521333815154031327,null,4,1,0
97,111,23.27,23.270000,26324.800000,20200.400000,2664468269926368721,null,4,1,0
98,118,16.4,16.400000,24960.600000,20866.100000,9801244161980875549,null,4,1,0
99,124,19.02,19.020000,25376.000000,20549.000000,4153434940278429810,null,4,1,0
100,131,28.41,28.410000,28062.100000,20090.700000,3011646850544355638,null,4,1,0
101,7,55.67,55.670000,29073.700000,12887.000000,11465549685707380235,null,5,1,0
102,14,30.26,30.260000,25747.000000,17954.900000,17030026366113733906,null,5,1,0
103,21,29.39,29.390000,25449.100000,17968.800000,6428626993585807668,null,5,1,0
104,28,25.35,25.350000,26066.000000,19458.300000,13717833491088209713,null,5,1,0
105,34,25.35,25.350000,26066.000000,19458.300000,17875482120266781066,null,5,1,0
106,41,25.64,25.640000,26006.700000,19339.200000,3210700299296352147,null,5,1,0
107,48,31.55,31.550000,27097.700000,18548.700000,15441251948363728146,null,5,1,0
108,55,23.79,23.790000,25497.300000,19430.500000,4689735120750194340,null,5,1,0
109,61,26.35,26.350000,26381.600000,19430.500000,1967342495272883422,null,5,1,0
110,68,27.84,27.840000,26148.400000,18868.100000,15266432922006391372,null,5,1,0
111,77,40.99,40.990000,25347.100000,14956.800000,13493625667117698492,null,5,1,0
112,84,23.79,23.790000,25497.300000,19430.500000,7506013253529535730,null,5,1,0
113,90,35.92,35.920000,25354.400000,16247.500000,8545659727207917220,null,5,1,0
114,97,25.67,25.670000,25964.900000,19299.500000,13906989375211477017,null,5,1,0
115,104,23.79,23.790000,25497.300000,19430.500000,15025760980696538414,null,5,1,0
116,110,31.38,31.380000,25315.700000,17370.500000,2922939501555926212,null,5,1,0
117,117,23.79,23.790000,25497.300000,19430.500000,11006108525192003785,null,5,1,0
118,124,30.36,30.360000,26484.800000,18443.000000,7194494802457046959,null,5,1,0
119,130,34.96,34.960000,26381.600000,17157.400000,1197689450542263781,null,5,1,0
120,136,23.79,23.790000,25497.300000,19430.500000,3288962611280951448,null,5,1,0
121,6,31.58,31.580000,25356.700000,17348.500000,7394199802898337926,null,6,1,0
122,13,32.14,32.140000,25698.200000,17438.300000,17027099809075356143,null,6,1,0
123,20,32.05,32.050000,25476.600000,17312.100000,3265145445304385071,null,6,1,0
124,27,33.26,33.260000,24899.400000,16617.000000,14419644358177251154,null,6,1,0
125,34,29.76,29.760000,24589.800000,17272.900000,14923158856355157166,null,6,1,0
126,41,29.76,29.760000,24589.800000,17272.900000,1055080975095162485,null,6,1,0
127,48,30.09,30.090000,24921.800000,17422.100000,12369113810166177165,null,6,1,0
128,55,31.48,31.480000,25411.200000,17411.700000,3842639781021440279,null,6,1,0
129,61,29.76,29.760000,24589.800000,17272.900000,8608041883301254485,null,6,1,0
130,68,30.64,30.640000,24849.200000,17235.200000,2225236544961032095,null,6,1,0
131,75,29.76,29.760000,24589.800000,17272.900000,12562179322481851901,null,6,1,0
132,82,29.76,29.760000,24589.800000,17272.900000,13923842121327362716,null,6,1,0
133,89,29.76,29.760000,24589.800000,17272.900000,17498438543835597738,null,6,1,0
134,96,47.5,47.500000,26120.800000,13714.600000,10108200898292998722,null,6,1,0
135,103,32.54,32.540000,25517.200000,17213.200000,7846218592300571594,null,6,1,0
136,109,29.76,29.760000,24589.800000,17272.900000,15928870120770656012,null,6,1,0
137,116,21.2,21.200000,25514.200000,20105.900000,10227838585980457394,null,6,1,0
138,123,21.16,21.160000,25514.200000,20115.700000,17604921074563535532,null,6,1,0
139,129,20.73,20.730000,25738.500000,20402.500000,9367148296251606861,null,6,1,0
140,135,20.73,20.730000,25738.500000,20404.000000,10179376681839324158,null,6,1,0
141,6,22.25,22.250000,25772.800000,20038.500000,3080098593157933272,null,7,1,0
142,13,20.04,20.040000,25588.500000,20459.800000,5060753168353653887,null,7,1,0
143,20,20.04,20.040000,25588.500000,20459.800000,17816522545552534259,null,7,1,0
144,26,39.33,39.330000,26070.800000,15816.700000,4577938196856458130,null,7,1,0
145,33,25.05,25.050000,26810.100000,20093.000000,16668788855144871215,null,7,1,0
146,39,29.58,29.580000,28912.700000,20359.500000,8178185654620230547,null,7,1,0
147,46,20.04,20.040000,25588.500000,20459.800000,16265965470108505072,null,7,1,0
148,53,21.95,21.950000,26308.800000,20533.400000,10741948480852582368,null,7,1,0
149,60,31.05,31.050000,25179.800000,17360.900000,2788305995799046079,null,7,1,0
150,67,19.77,19.770000,25495.000000,20453.800000,7506102574564122872,null,7,1,0
151,73,20.93,20.930000,26141.200000,20669.700000,3921308263975310072,null,7,1,0
152,80,24.1,24.100000,27000.100000,20493.200000,2212442481784113981,null,7,1,0
153,86,18.73,18.730000,25265.700000,20533.000000,13085415865594509395,null,7,1,0
154,93,18.71,18.710000,25352.900000,20609.600000,18344557098220622805,null,7,1,0
155,100,18.71,18.710000,25352.900000,20609.600000,8987673584325421038,null,7,1,0
156,106,18.71,18.710000,25352.900000,20609.600000,13711539014084544037,null,7,1,0
157,113,25.31,25.310000,27059.800000,20211.300000,7852274492250168523,null,7,1,0
158,119,18.71,18.710000,25352.900000,20609.600000,1813159305896277766,null,7,1,0
159,126,18.71,18.710000,25352.900000,20609.600000,9304268499831864543,null,7,1,0
160,133,18.71,18.710000,25352.900000,20609.600000,9484521036297881687,null,7,1,0
161,6,27.76,27.760000,28778.200000,20788.100000,7660889131494437032,null,8,1,0
162,13,19.71,19.710000,25643.900000,20590.200000,16453626465750269503,null,8,1,0
163,19,20.64,20.640000,25815.800000,20488.100000,8885805736721033748,null,8,1,0
164,26,20.54,20.540000,25643.900000,20376.700000,14687780377106006418,null,8,1,0
165,33,21.01,21.010000,26347.900000,20813.200000,6938186291510491592,null,8,1,0
166,39,19.71,19.710000,25643.900000,20590.200000,9825955171905970273,null,8,1,0
167,46,23.57,23.570000,26699.300000,20405.900000,2908036588924603794,null,8,1,0
168,52,39.97,39.970000,26176.400000,15712.900000,5848775758544045884,null,8,1,0
169,59,22.05,22.050000,26203.200000,20424.900000,8296844578785787638,null,8,1,0
170,65,19.71,19.710000,25643.900000,20590.200000,1100585117788197715,null,8,1,0
171,75,38.08,38.080000,25391.100000,15722.700000,14000610511052295457,null,8,1,0
172,82,27.62,27.620000,25278.100000,18295.600000,2327570817771940089,null,8,1,0
173,88,19.71,19.710000,25643.900000,20590.200000,5552287566904442262,null,8,1,0
174,95,19.71,19.710000,25643.900000,20590.200000,6567341306103403186,null,8,1,0
175,101,23.57,23.570000,26699.300000,20405.900000,212305884687142522,null,8,1,0
176,108,20.09,20.090000,25643.900000,20493.200000,4574651048923532407,null,8,1,0
177,114,19.71,19.710000,25643.900000,20590.200000,8512696235633893690,null,8,1,0
178,121,19.71,19.710000,25643.900000,20590.200000,5142953961074242041,null,8,1,0
179,127,27.62,27.620000,25278.100000,18295.600000,15212141055580750648,null,8,1,0
180,134,29.92,29.920000,29073.800000,20376.100000,14380226020871009846,null,8,1,0
181,7,21.82,21.820000,26152.200000,20447.100000,6983409877308215380,null,9,1,0
182,15,21.82,21.820000,26152.200000,20447.100000,1640541002606058455,null,9,1,0
183,22,20.3,20.300000,25296.100000,20160.700000,14716727224163786043,null,9,1,0
184,29,21.83,21.830000,25863.400000,20216.300000,10752882560546982913,null,9,1,0
185,36,21.78,21.780000,25754.700000,20144.600000,2122023906959281479,null,9,1,0
186,42,25.66,25.660000,27618.900000,20531.400000,6591103937545466829,null,9,1,0
187,49,20.3,20.300000,25296.100000,20160.700000,1914035948957225085,null,9,1,0
188,56,20,20.000000,25503.100000,20403.000000,17447563936958223507,null,9,1,0
189,63,22.74,22.740000,25950.200000,20049.700000,15212303353754561424,null,9,1,0
190,69,21.26,21.260000,25669.200000,20213.100000,117529455538715466,null,9,1,0
191,76,20,20.000000,25503.100000,20403.000000,643459999251935471,null,9,1,0
192,83,20,20.000000,25503.100000,20403.000000,1292488898758287091,null,9,1,0
193,90,21.38,21.380000,25869.600000,20339.100000,8656624810337612998,null,9,1,0
194,96,25.65,25.650000,27554.400000,20486.400000,6195974061030892838,null,9,1,0
195,103,19.16,19.160000,25375.100000,20514.100000,1293049002693319320,null,9,1,0
196,110,20.29,20.290000,26043.700000,20760.500000,12338108787093534441,null,9,1,0
197,116,19.63,19.630000,25917.500000,20830.800000,16222301682686391569,null,9,1,0
198,123,19.15,19.150000,25243.500000,20408.600000,16303741398365103965,null,9,1,0
199,130,19.15,19.150000,25243.500000,20408.600000,4860438590390555775,null,9,1,0
200,136,23.32,23.320000,26854.200000,20592.000000,12850463489100306761,null,9,1,0
201,6,18.4,18.400000,25642.300000,20925.200000,14610609170315266756,null,10,1,0
202,13,19.68,19.680000,25899.800000,20802.600000,9703823615882460043,null,10,1,0
203,20,18.4,18.400000,25642.300000,20925.200000,10691933797789649512,null,10,1,0
204,27,18.4,18.400000,25642.300000,20925.200000,16094895170646620,null,10,1,0
205,36,36.62,36.620000,25667.400000,16267.500000,17739745623652540739,null,10,1,0
206,43,18.4,18.400000,25642.300000,20925.200000,14589030907401616314,null,10,1,0
207,50,22.19,22.190000,26246.600000,20422.100000,918862773039309716,null,10,1,0
208,56,19.36,19.360000,25379.200000,20465.700000,12587129628797579243,null,10,1,0
209,63,18.4,18.400000,25642.300000,20925.200000,12786016298102285848,null,10,1,0
210,70,28.14,28.140000,28062.100000,20164.100000,4586846676459278656,null,10,1,0
211,77,19.06,19.060000,25356.800000,20522.700000,14316694992636548821,null,10,1,0
212,84,18.4,18.400000,25642.300000,20925.200000,5934498013291515515,null,10,1,0
213,90,16.46,16.460000,24880.500000,20785.000000,2259719463158194124,null,10,1,0
214,97,16.46,16.460000,24880.500000,20785.000000,16422568464387094508,null,10,1,0
215,104,16.46,16.460000,24880.500000,20785.000000,11965382179853986901,null,10,1,0
216,111,16.46,16.460000,24880.500000,20785.000000,7870713709079414194,null,10,1,0
217,118,19.94,19.940000,25504.100000,20417.600000,12521845919245713141,null,10,1,0
218,124,16.46,16.460000,24880.500000,20785.000000,10159628948014274048,null,10,1,0
219,131,16.54,16.540000,24776.200000,20677.700000,15529534804607775705,null,10,1,0
220,137,16.46,16.460000,24880.500000,20785.000000,5405479117582701537,null,10,1,0
221,6,24.4,24.400000,27022.400000,20428.200000,6706892040133652921,null,11,1,0
222,13,25,25.000000,26963.100000,20221.700000,10620688448424776849,null,11,1,0
223,19,24.4,24.400000,27022.400000,20428.200000,1695647486865089488,null,11,1,0
224,26,18.55,18.550000,25350.900000,20649.400000,15276005761318508765,null,11,1,0
225,34,46.72,46.720000,27924.500000,14876.800000,7236769559984090460,null,11,1,0
226,40,18.55,18.550000,25350.900000,20649.400000,9638791679231683925,null,11,1,0
227,47,21.81,21.810000,26423.200000,20661.200000,3612739855844800845,null,11,1,0
228,54,18.55,18.550000,25350.900000,20649.400000,18039597787166983390,null,11,1,0
229,60,18.55,18.550000,25350.900000,20649.400000,9258612784910297457,null,11,1,0
230,67,18.96,18.960000,25658.800000,20794.200000,15859962316136997224,null,11,1,0
231,74,19.36,19.360000,25585.500000,20632.400000,11419789760683001684,null,11,1,0
232,81,44.36,44.360000,27446.100000,15272.300000,9317793876368740818,null,11,1,0
233,87,18.55,18.550000,25350.900000,20649.400000,14319110411907631072,null,11,1,0
234,94,18.55,18.550000,25350.900000,20649.400000,18408246646171963447,null,11,1,0
235,101,19.23,19.230000,25336.200000,20463.900000,16368637215719902253,null,11,1,0
236,108,23.75,23.750000,26379.600000,20114.400000,9972836879034482114,null,11,1,0
237,114,18.96,18.960000,25658.800000,20794.200000,14279395153165146933,null,11,1,0
238,121,17.81,17.810000,25715.400000,21134.700000,14077414430477453706,null,11,1,0
239,128,19.94,19.940000,26172.600000,20953.000000,4740590039408580625,null,11,1,0
240,135,17.81,17.810000,25715.400000,21134.700000,1896550159446507703,null,11,1,0
241,6,44.37,44.370000,25249.600000,14046.400000,9317250108626102332,null,12,1,0
242,12,49.32,49.320000,27056.600000,13713.100000,15325070210933874443,null,12,1,0
243,18,44.37,44.370000,25249.600000,14046.400000,13552318020899668257,null,12,1,0
244,25,45.53,45.530000,26057.200000,14192.400000,12306046225316279169,null,12,1,0
245,31,41.93,41.930000,25748.400000,14951.500000,17950470280521675248,null,12,1,0
246,37,40.96,40.960000,25591.800000,15110.400000,14951612218290806367,null,12,1,0
247,43,40.96,40.960000,25591.800000,15110.400000,17413267616054418984,null,12,1,0
248,49,40.96,40.960000,25591.800000,15110.400000,13868047876780462014,null,12,1,0
249,55,40.96,40.960000,25591.800000,15110.400000,17372300625010725128,null,12,1,0
250,61,46.51,46.510000,25894.000000,13850.900000,2767976877072971806,null,12,1,0
251,67,37.83,37.830000,25038.600000,15567.100000,16750274655503227011,null,12,1,0
252,73,30.82,30.820000,25641.800000,17737.700000,46341350594112614,null,12,1,0
253,80,30.73,30.730000,25661.800000,17776.700000,7810967522146122701,null,12,1,0
254,86,33.45,33.450000,25908.200000,17240.700000,8452143460688994604,null,12,1,0
255,92,30.73,30.730000,25661.800000,17776.700000,13528351047104636757,null,12,1,0
256,98,35.92,35.920000,25947.400000,16627.900000,7139719027151833576,null,12,1,0
257,104,32.03,32.030000,24934.800000,16949.300000,3772870491667613019,null,12,1,0
258,111,30.73,30.730000,25661.800000,17776.700000,2335151104456880982,null,12,1,0
259,117,30.32,30.320000,25016.400000,17431.800000,3460635267747066867,null,12,1,0
260,123,28.7,28.700000,24825.500000,17701.500000,463870167496649345,null,12,1,0
261,5,23.84,23.840000,26535.700000,20209.400000,2490764450321250739,null,13,1,0
262,11,22.63,22.630000,26600.000000,20580.700000,4935617009690665181,null,13,1,0
263,17,22.63,22.630000,26600.000000,20580.700000,11177370006161033549,null,13,1,0
264,23,31.21,31.210000,25186.000000,17324.900000,13772142401362944724,null,13,1,0
265,29,22.63,22.630000,26600.000000,20580.700000,17544604750496210363,null,13,1,0
266,35,21.33,21.330000,25790.000000,20288.500000,8523166670540378147,null,13,1,0
267,41,21.33,21.330000,25790.000000,20288.500000,2233662276565498825,null,13,1,0
268,47,24.26,24.260000,26892.000000,20367.300000,16685194643872199987,null,13,1,0
269,52,22.02,22.020000,25790.000000,20110.500000,4507341551499224413,null,13,1,0
270,58,21.33,21.330000,25790.000000,20288.500000,10483005201801400441,null,13,1,0
271,64,24.45,24.450000,27047.700000,20435.400000,16335437764930473283,null,13,1,0
272,70,21.33,21.330000,25790.000000,20288.500000,2434278626213090960,null,13,1,0
273,76,21.33,21.330000,25790.000000,20288.500000,1472944153830435247,null,13,1,0
274,82,21.33,21.330000,25790.000000,20288.500000,17460151690548447474,null,13,1,0
275,88,20.21,20.210000,25786.900000,20574.600000,16155917171129825546,null,13,1,0
276,94,20.21,20.210000,25786.900000,20574.600000,827879307511964323,null,13,1,0
277,99,20.99,20.990000,26023.500000,20562.000000,16786294736299624997,null,13,1,0
278,105,20.21,20.210000,25786.900000,20574.600000,5021144539303705853,null,13,1,0
279,111,21.72,21.720000,25771.300000,20174.700000,10981367573139470044,null,13,1,0
280,117,20.21,20.210000,25786.900000,20574.600000,11460066075179082215,null,13,1,0
281,5,24.28,24.280000,25331.400000,19181.000000,2181981743119798512,null,14,1,0
282,11,26.96,26.960000,25585.100000,18686.400000,12608309854765417794,null,14,1,0
283,17,26.19,26.190000,25965.400000,19166.000000,3217765822794501871,null,14,1,0
284,24,23.88,23.880000,25076.200000,19089.100000,799051370834835644,null,14,1,0
285,30,34.07,34.070000,25441.900000,16774.300000,4491344449423713273,null,14,1,0
286,36,23.88,23.880000,25076.200000,19089.100000,13093138887231246242,null,14,1,0
287,42,25.09,25.090000,25651.500000,19216.000000,1130876867256117646,null,14,1,0
288,48,23.88,23.880000,25076.200000,19089.100000,17880237727611215534,null,14,1,0
289,54,33.62,33.620000,27064.000000,17965.000000,14107473293355786099,null,14,1,0
290,61,27.96,27.960000,26178.200000,18859.900000,8684613783765721432,null,14,1,0
291,67,23.88,23.880000,25076.200000,19089.100000,16784459783254550318,null,14,1,0
292,73,28.53,28.530000,26185.200000,18713.500000,5759866561865962415,null,14,1,0
293,79,29.21,29.210000,25076.200000,17750.800000,11812293722465650499,null,14,1,0
294,86,23.89,23.890000,25582.900000,19471.900000,18076605875632645050,null,14,1,0
295,92,35.1,35.100000,25574.500000,16598.600000,3181990233528237697,null,14,1,0
296,98,24.45,24.450000,25651.100000,19379.400000,15880519000791763357,null,14,1,0
297,104,38.36,38.360000,25816.800000,15914.700000,10431670008778040108,null,14,1,0
298,110,26.7,26.700000,25465.400000,18666.200000,18004856153475663309,null,14,1,0
299,116,23.37,23.370000,25076.200000,19215.500000,17139173781961719657,null,14,1,0
300,122,37.4,37.400000,26433.500000,16548.300000,12844905927179305731,null,14,1,0
301,6,17.47,17.470000,25018.000000,20648.100000,10864511613663357953,null,15,1,0
302,12,17.47,17.470000,25018.000000,20648.100000,6497356203137054066,null,15,1,0
303,18,17.47,17.470000,25018.000000,20648.100000,5401332560696190511,null,15,1,0
304,24,17.47,17.470000,25018.000000,20648.100000,6292146816113581013,null,15,1,0
305,30,17.47,17.470000,25018.000000,20648.100000,11835572688163789121,null,15,1,0
306,36,17.47,17.470000,25018.000000,20648.100000,478305154281138653,null,15,1,0
307,42,17.47,17.470000,25018.000000,20648.100000,1574772321222462804,null,15,1,0
308,48,19.02,19.020000,25376.000000,20549.000000,14352388101877925857,null,15,1,0
309,54,20.82,20.820000,26047.700000,20624.700000,2847391062586891341,null,15,1,0
310,60,21.48,21.480000,25390.400000,19935.900000,14246945708597909630,null,15,1,0
311,66,17.47,17.470000,25018.000000,20648.100000,6997767279512902417,null,15,1,0
312,72,21.06,21.060000,26166.700000,20655.100000,14077765541751327335,null,15,1,0
313,78,38.31,38.310000,26336.000000,16246.500000,7544310250197607698,null,15,1,0
314,84,17.47,17.470000,25018.000000,20648.100000,778894786471223549,null,15,1,0
315,90,17.6,17.600000,24887.500000,20508.500000,16296584625047143103,null,15,1,0
316,96,17.47,17.470000,25018.000000,20648.100000,16466171471127265503,null,15,1,0
317,103,18.39,18.390000,25341.600000,20681.100000,14088606297647013626,null,15,1,0
318,108,26.87,26.870000,25020.600000,18296.700000,9722229202654088506,null,15,1,0
319,114,17.47,17.470000,25018.000000,20648.100000,15457308644867594945,null,15,1,0
320,121,21.01,21.010000,26347.900000,20813.200000,925908605821206870,null,15,1,0
321,144,22.39,22.390000,26555.750000,20609.690725,12949363160644754097,null,0,1,1
322,150,27.87,27.870000,28334.250000,20436.809798,2504845798305923330,null,0,1,1
323,144,18.61,18.610000,25729.510000,20939.977373,2839641559389445907,null,1,1,1
324,151,16.32,16.320000,24960.630000,20886.869864,12492630883566502219,null,1,1,1
325,144,24.4,24.400000,26968.690000,20388.852924,5504900377657984988,null,2,1,1
326,151,30.37,30.370000,29226.310000,20348.823015,4642763419348037090,null,2,1,1
327,144,16.4,16.400000,24960.630000,20866.087518,15674014072876263996,null,3,1,1
328,150,56.27,56.270000,46940.330000,20528.456937,15162714796840505596,null,3,1,1
329,144,16.4,16.400000,24960.630000,20866.087518,13941121426263039304,null,4,1,1
330,151,16.4,16.400000,24960.630000,20866.087518,2507449100383133045,null,4,1,1
331,144,18.89,18.890000,25703.980000,20849.727413,4699424696223323287,null,5,1,1
332,151,18.89,18.890000,25703.980000,20849.727413,6057640247430682219,null,5,1,1
333,144,18.89,18.890000,25703.980000,20849.727413,4805630510785690792,null,6,1,1
334,151,18.89,18.890000,25703.980000,20849.727413,7877982761861515856,null,6,1,1
335,144,18.89,18.890000,25703.980000,20849.727413,16034487047853235752,null,7,1,1
336,151,18.89,18.890000,25703.980000,20849.727413,13615686336944726384,null,7,1,1
337,144,18.89,18.890000,25703.980000,20849.727413,4713159567635419171,null,8,1,1
338,151,16.7,16.700000,24960.630000,20792.243484,7945217959915676222,null,8,1,1
339,144,18.01,18.010000,24960.630000,20466.002492,8703446997087151307,null,9,1,1
340,151,18.01,18.010000,24960.630000,20466.002492,1046151971734300360,null,9,1,1
341,144,18.01,18.010000,24960.630000,20466.002492,1228006478909622672,null,10,1,1
342,151,18.01,18.010000,24960.630000,20466.002492,17284286790031056219,null,10,1,1
343,144,16.4,16.400000,24960.630000,20866.087518,6735287749351337270,null,11,1,1
344,151,16.4,16.400000,24960.630000,20866.087518,11420653877469682900,null,11,1,1
345,143,16.4,16.400000,24960.630000,20866.087518,6633175401041846398,null,12,1,1
346,150,16.4,16.400000,24960.630000,20866.087518,17399535482367168917,null,12,1,1
347,143,16.4,16.400000,24960.630000,20866.087518,17423099018170557603,null,13,1,1
348,150,16.4,16.400000,24960.630000,20866.087518,4650168789143140757,null,13,1,1
349,143,16.4,16.400000,24960.630000,20866.087518,15781843152591876068,null,14,1,1
350,150,70.9,70.900000,45741.170000,13310.962283,12839461013739975496,null,14,1,1
351,143,16.4,16.400000,24960.630000,20866.087518,8563766738093197184,null,15,1,1
352,150,16.4,16.400000,24960.630000,20866.087518,11630346495469675221,null,15,1,1
353,157,16.66,16.660000,24960.630000,20801.213672,14121492932953510665,null,0,2,0
354,164,19.02,19.020000,25376.010000,20548.979643,5014292031653803664,null,0,2,0
355,170,33.7,33.700000,28062.080000,18604.340980,4217847295912148828,null,0,2,0
356,177,16.32,16.320000,24960.630000,20886.869864,17567231226924256360,null,0,2,0
357,183,23.27,23.270000,26324.850000,20200.354291,15113638922479121611,null,0,2,0
358,190,16.32,16.320000,24960.630000,20886.869864,8359545192706978639,null,0,2,0
359,157,17.1,17.100000,24589.800000,20385.000000,12492630883566502218,8,1,2,0
360,164,17.1,17.100000,24589.800000,20385.000000,8137737247348025355,8,1,2,0
361,170,17.1,17.100000,24589.800000,20385.000000,1735343600002129077,8,1,2,0
362,177,17.1,17.100000,24589.800000,20385.000000,8359545192706978624,8,1,2,0
363,184,16.61,16.610000,24589.800000,20505.300000,16950762747147439566,8,1,2,0
364,190,25.47,25.470000,24589.800000,18327.100000,5632596550395467083,8,1,2,0
365,158,35.18,35.180000,26451.100000,17144.500000,7721904928765118473,null,2,2,0
366,164,54.96,54.960000,25173.300000,11337.700000,2628557614536745986,null,2,2,0
367,171,35.18,35.180000,26451.100000,17144.500000,15796549851157495985,null,2,2,0
368,178,29.46,29.460000,25514.300000,17997.200000,4504602434636273464,null,2,2,0
369,185,29.41,29.410000,25406.700000,17934.100000,16937940977561824224,null,2,2,0
370,191,29.24,29.240000,25156.800000,17801.300000,9294270146893651846,null,2,2,0
371,158,34.88,34.880000,26441.800000,17219.100000,6904951598458653017,null,3,2,0
372,164,28.16,28.160000,25511.900000,18328.900000,12507992570570856427,null,3,2,0
373,171,32.57,32.570000,26265.600000,17712.000000,9492633581789407656,null,3,2,0
374,177,30.59,30.590000,26170.800000,18166.200000,1032324127312110752,null,3,2,0
375,184,28.16,28.160000,25511.900000,18328.900000,12579780345754935957,null,3,2,0
376,190,28.16,28.160000,25511.900000,18328.900000,13211672763069575052,null,3,2,0
377,157,40.29,40.290000,27686.900000,16532.200000,4886175669985155078,null,4,2,0
378,163,40.29,40.290000,27686.900000,16532.200000,8880521627675316963,null,4,2,0
379,170,20.19,20.190000,25666.300000,20484.800000,2689686643234104437,null,4,2,0
380,178,19.34,19.340000,25243.100000,20361.200000,16920136505523064036,null,4,2,0
381,185,22.58,22.580000,25969.400000,20105.700000,14654300454113494677,null,4,2,0
382,192,41.9,41.900000,27630.300000,16052.700000,12225967011848810027,null,4,2,0
383,158,72.3,72.300000,25001.700000,6925.480000,15204961564467920591,null,5,2,0
384,165,72.59,72.590000,25606.900000,7017.970000,6483220413838745598,null,5,2,0
385,172,72.3,72.300000,25001.700000,6925.480000,16354322445153671118,null,5,2,0
386,178,72.3,72.300000,25001.700000,6925.480000,4310056549814229320,null,5,2,0
387,185,72.3,72.300000,25001.700000,6925.480000,7620076651022857149,null,5,2,0
388,192,69.53,69.530000,25449.800000,7755.560000,13065617005525679761,null,5,2,0
389,158,30.36,30.360000,24599.800000,17131.600000,7078739084272885405,null,6,2,0
390,164,34.11,34.110000,26036.800000,17156.000000,8029226308799146645,null,6,2,0
391,171,30.36,30.360000,24599.800000,17131.600000,13359284464562639655,null,6,2,0
392,178,30.36,30.360000,24599.800000,17131.600000,16128040310290977389,null,6,2,0
393,184,30.36,30.360000,24599.800000,17131.600000,12956118360988256816,null,6,2,0
394,191,30.36,30.360000,24599.800000,17131.600000,8346586926871074425,null,6,2,0
395,157,20.35,20.350000,25771.000000,20526.100000,2529556485124565703,null,7,2,0
396,164,20.05,20.050000,25384.300000,20295.100000,17467592266658668736,null,7,2,0
397,170,20.05,20.050000,25384.300000,20295.100000,708180307820234358,null,7,2,0
398,177,19.84,19.840000,25384.300000,20349.200000,4141889303554947420,null,7,2,0
399,184,21.5,21.500000,25868.600000,20307.900000,8766042676809863938,null,7,2,0
400,190,21.85,21.850000,26047.100000,20356.700000,15193623849391906856,null,7,2,0
401,157,33.98,33.980000,25129.600000,16590.600000,14472464823043788264,null,8,2,0
402,164,33.91,33.910000,25512.200000,16861.700000,13332589627593521382,null,8,2,0
403,171,33.86,33.860000,26352.200000,17428.100000,2139428161398763616,null,8,2,0
404,178,35.33,35.330000,26216.000000,16954.000000,1203971146259568180,null,8,2,0
405,185,33.52,33.520000,25196.700000,16749.800000,5181683629247794218,null,8,2,0
406,191,33.22,33.220000,25050.300000,16728.100000,11474656047769433369,null,8,2,0
407,158,34.46,34.460000,26271.800000,17217.600000,16206873373956401672,null,9,2,0
408,165,36.26,36.260000,25835.500000,16468.700000,17737351099120484641,null,9,2,0
409,172,33.87,33.870000,25334.000000,16752.200000,3078475101532390135,null,9,2,0
410,179,35.72,35.720000,26169.800000,16821.000000,12086920796463891537,null,9,2,0
411,185,30.62,30.620000,24785.800000,17197.200000,14137209617838295931,null,9,2,0
412,192,30.62,30.620000,24785.800000,17197.200000,4763187772744690816,null,9,2,0
413,158,32.77,32.770000,26522.300000,17832.100000,9099155723978204332,null,10,2,0
414,164,29.7,29.700000,25274.100000,17767.600000,15127123487108331590,null,10,2,0
415,171,28.51,28.510000,25154.400000,17983.800000,4576192236992252061,null,10,2,0
416,178,29.41,29.410000,25343.700000,17890.700000,12570381063845905766,null,10,2,0
417,185,28.51,28.510000,25154.400000,17983.800000,18246257843504825853,null,10,2,0
418,191,34.93,34.930000,25568.500000,16638.000000,9513251919402207954,null,10,2,0
419,158,42.5,42.500000,25630.900000,14738.200000,1152208199656715659,null,11,2,0
420,167,42.5,42.500000,25630.900000,14736.600000,5044499288233378700,null,11,2,0
421,173,55.33,55.330000,25778.800000,11516.300000,10575515114954953355,null,11,2,0
422,181,42.5,42.500000,25630.900000,14738.200000,10155842405329882052,null,11,2,0
423,188,42.5,42.500000,25630.900000,14738.200000,14387494730219783718,null,11,2,0
424,194,24.75,24.750000,27526.300000,20712.700000,8547934087368474376,null,11,2,0
425,157,30.33,30.330000,25831.700000,17996.500000,2982558351290257486,null,12,2,0
426,163,31.41,31.410000,25564.000000,17534.800000,17780125451163635700,null,12,2,0
427,168,30.33,30.330000,25831.700000,17996.500000,8729512599782242596,null,12,2,0
428,175,35.15,35.150000,25982.000000,16848.500000,12286312102128251284,null,12,2,0
429,180,30.33,30.330000,25831.700000,17996.500000,3868214171536630577,null,12,2,0
430,186,30.33,30.330000,25831.700000,17996.500000,2215869125655227720,null,12,2,0
431,157,18.81,18.810000,24942.100000,20250.200000,15679500106818910921,null,13,2,0
432,163,69.51,69.510000,43699.000000,13324.900000,3318022416594825547,null,13,2,0
433,169,17.15,17.150000,24879.500000,20611.700000,4960584890280810327,null,13,2,0
434,175,23.46,23.460000,26896.100000,20585.600000,15852479260033599544,null,13,2,0
435,180,19.42,19.420000,25858.500000,20836.900000,4616827560615781315,null,13,2,0
436,186,18.8,18.800000,25366.500000,20598.800000,5358098879740276460,null,13,2,0
437,157,66.22,66.220000,25611.000000,8651.440000,13788207562693885677,null,14,2,0
438,163,66.22,66.220000,25611.000000,8651.440000,10146496871366551026,null,14,2,0
439,169,66.22,66.220000,25611.000000,8651.440000,16928409198887196825,null,14,2,0
440,175,68.17,68.170000,27303.000000,8690.690000,2600893578790129171,null,14,2,0
441,181,66.22,66.220000,25611.000000,8651.440000,1082106802481094238,null,14,2,0
442,187,66.22,66.220000,25611.000000,8651.440000,13296811735053039066,null,14,2,0
443,157,23.31,23.310000,24975.500000,19154.500000,13582405933170154771,null,15,2,0
444,163,23.31,23.310000,24975.500000,19154.500000,8470614602043705553,null,15,2,0
445,169,23.31,23.310000,24975.500000,19154.500000,5076667230253265648,null,15,2,0
446,175,27.13,27.130000,25339.400000,18465.900000,7258428140061591284,null,15,2,0
447,181,22.79,22.790000,24975.500000,19284.100000,10866883021734559244,null,15,2,0
448,187,22.79,22.790000,24975.500000,19284.100000,4471716957977025546,null,15,2,0
449,201,16.57,16.570000,24960.630000,20825.791183,1118066620550767124,null,0,2,1
450,201,16.42,16.420000,24960.630000,20862.025570,89824201591018944,null,1,2,1
451,201,16.32,16.320000,24960.630000,20886.869864,3008891062654785192,null,2,2,1
452,201,16.32,16.320000,24960.630000,20886.869864,12268400709062398134,null,3,2,1
453,201,16.32,16.320000,24960.630000,20886.869864,4749325937957350944,null,4,2,1
454,201,1.79769e+308,,,20854.211923,11921111210447285506,null,5,2,1
455,201,20.34,20.340000,25729.510000,20495.147919,17795155053692293675,null,6,2,1
456,201,20.34,20.340000,25729.510000,20495.147919,10691766780937591613,null,7,2,1
457,201,24.4,24.400000,27551.140000,20828.902634,10489327906895835192,null,8,2,1
458,201,20.21,20.210000,25851.300000,20626.814704,4722164912326217930,null,9,2,1
459,201,17.83,17.830000,25264.420000,20760.861418,12167899970055330623,null,10,2,1
460,202,27.79,27.790000,27575.440000,19913.593853,15997111754137403681,null,11,2,1
461,200,32.47,32.470000,29240.150000,19746.072958,3243106626496415240,null,12,2,1
462,199,73.6,73.600000,66365.630000,17522.842875,5676924061255351300,null,13,2,1
463,200,15.99,15.990000,24960.630000,20969.958376,10228076453780444258,null,14,2,1
464,200,28.47,28.470000,28841.690000,20629.233481,17547421918662854271,null,15,2,1
465,208,32.27,32.270000,29240.150000,19805.583334,12815513583156174655,null,0,3,0
466,214,15.97,15.970000,24960.630000,20974.594381,3254063543491791056,null,0,3,0
467,220,15.97,15.970000,24960.630000,20974.594381,14416118164278310758,null,0,3,0
468,227,15.97,15.970000,24960.630000,20974.594381,10829195044639427891,null,0,3,0
469,233,15.97,15.970000,24960.630000,20974.805484,18266672600581982992,null,0,3,0
470,239,15.93,15.930000,24960.630000,20984.357381,9843669503358097455,null,0,3,0
471,245,15.96,15.960000,24960.630000,20977.695816,7441403120266888,null,0,3,0
472,252,15.93,15.930000,24960.630000,20984.357381,9386949077564128479,null,0,3,0
473,259,27.79,27.790000,27575.440000,19913.593853,5929161889708896474,null,0,3,0
474,265,16.4,16.400000,24960.630000,20865.944790,683397167098571571,null,0,3,0
475,272,25.99,25.990000,28062.080000,20768.391233,13672630588554777276,null,0,3,0
476,278,15.93,15.930000,24960.630000,20984.357381,13257859010502677039,null,0,3,0
477,284,18.76,18.760000,25564.560000,20768.358537,3500981075365412605,null,0,3,0
478,291,15.97,15.970000,24960.630000,20975.280999,625853723010305080,null,0,3,0
479,297,15.93,15.930000,24960.630000,20984.357381,17651647513832567538,null,0,3,0
480,303,73.6,73.600000,66365.630000,17522.842875,12754904601705837219,null,0,3,0
481,310,19.67,19.670000,25554.380000,20527.667667,7005651634191988628,null,0,3,0
482,316,19.35,19.350000,25851.300000,20849.898157,17786814176680873011,null,0,3,0
483,323,16.95,16.950000,24960.630000,20730.466157,14060661145292521724,null,0,3,0
484,329,15.93,15.930000,24960.630000,20984.357381,3953436457320554848,null,0,3,0
485,335,15.93,15.930000,24960.630000,20984.357381,902571108994250724,null,0,3,0
486,342,15.93,15.930000,24960.630000,20984.357381,7004799149994466363,null,0,3,0
487,348,16.71,16.710000,25207.220000,20995.917307,11896393649302663219,null,0,3,0
488,355,15.93,15.930000,24960.630000,20984.357381,3584388244826697420,null,0,3,0
489,362,28.41,28.410000,28062.080000,20090.675288,15799996252248060362,null,0,3,0
490,368,18.96,18.960000,25779.590000,20891.599615,5862900248370204882,null,0,3,0
491,374,15.93,15.930000,24960.630000,20984.357381,1827425886977322970,null,0,3,0
492,381,15.93,15.930000,24960.630000,20984.357381,8932508140412387157,null,0,3,0
493,387,18.72,18.720000,25414.050000,20655.749826,456457401586806670,null,0,3,0
494,394,17.22,17.220000,25264.420000,20913.247808,1731007297658749673,null,0,3,0
495,208,17.07,17.070000,24589.800000,20392.000000,10228076453780444259,8,1,3,0
496,215,17.07,17.070000,24589.800000,20392.000000,17959446879634646615,8,1,3,0
497,221,17.1,17.100000,24589.800000,20385.000000,12492630883566502218,8,1,3,0
498,227,17.26,17.260000,24589.800000,20346.500000,3929686320752078619,8,1,3,0
499,234,17.07,17.070000,24589.800000,20392.000000,14649341855843478387,8,1,3,0
500,240,17.12,17.120000,24589.800000,20380.800000,8800482398978067268,8,1,3,0
501,247,15.44,15.440000,24589.800000,20793.800000,12277993509727699757,8,1,3,0
502,253,15.44,15.440000,24589.800000,20793.800000,11346551548374867753,8,1,3,0
503,260,29.84,29.840000,24589.800000,17252.000000,14187214957315449912,8,1,3,0
504,267,15.44,15.440000,24589.800000,20793.800000,9692569090033146402,8,1,3,0
505,273,15.87,15.870000,24589.800000,20686.400000,3114976823119813727,8,1,3,0
506,280,15.44,15.440000,24589.800000,20793.800000,2888373912731496039,8,1,3,0
507,287,16.13,16.130000,24589.800000,20622.500000,12928138628371676518,8,1,3,0
508,293,15.44,15.440000,24589.800000,20793.800000,8387012785217089130,8,1,3,0
509,300,15.44,15.440000,24589.800000,20793.800000,4581325656595449817,8,1,3,0
510,307,15.44,15.440000,24589.800000,20793.800000,13255032012565249936,8,1,3,0
511,313,15.32,15.320000,24563.800000,20800.000000,1919665592699266492,8,1,3,0
512,320,18.47,18.470000,24589.800000,20047.200000,16660413180645176088,8,1,3,0
513,327,15.44,15.440000,24589.800000,20793.800000,3678965866662813883,8,1,3,0
514,333,21.95,21.950000,24589.800000,19192.000000,17055693814630262782,8,1,3,0
515,340,16.03,16.030000,24563.800000,20626.900000,16491131243535398726,8,1,3,0
516,346,15.32,15.320000,24563.800000,20800.000000,7822056028216507251,8,1,3,0
517,353,16.12,16.120000,24589.800000,20624.900000,6457112142950728874,8,1,3,0
518,359,17.14,17.140000,24589.800000,20374.400000,2248308244003719742,8,1,3,0
519,366,15.32,15.320000,24563.800000,20800.000000,14608687585791458687,8,1,3,0
520,372,15.32,15.320000,24563.800000,20800.000000,14460298408940701842,8,1,3,0
521,379,15.99,15.990000,24589.800000,20658.100000,4074359726037022615,8,1,3,0
522,385,15.32,15.320000,24563.800000,20800.000000,13415724830508798116,8,1,3,0
523,392,16.73,16.730000,24589.800000,20476.300000,17810634903413056719,8,1,3,0
524,397,28.81,28.810000,24589.800000,17504.200000,1468635990019426884,8,1,3,0
525,208,24.85,24.850000,27387.800000,20582.200000,7619588557080556137,null,2,3,0
526,215,24.85,24.850000,27387.800000,20582.200000,14201264021985804952,null,2,3,0
527,221,31.5,31.500000,30054.700000,20588.000000,15963204550131793908,null,2,3,0
528,227,24.85,24.850000,27387.800000,20582.200000,13350123080695046988,null,2,3,0
529,234,36.17,36.170000,26025.300000,16611.000000,17733941922961141828,null,2,3,0
530,240,25.35,25.350000,27328.900000,20400.100000,9349869846600350398,null,2,3,0
531,247,19.72,19.720000,25612.100000,20561.300000,2538654317277474602,null,2,3,0
532,253,26.51,26.510000,28102.100000,20652.500000,5192662555894819938,null,2,3,0
533,260,19.72,19.720000,25612.100000,20561.300000,15688219260480765234,null,2,3,0
534,266,19.72,19.720000,25612.100000,20561.300000,7643913917044545089,null,2,3,0
535,272,19.65,19.650000,25612.100000,20578.800000,1439960880291034281,null,2,3,0
536,279,19.65,19.650000,25612.100000,20578.800000,2437207102826542102,null,2,3,0
537,285,27.07,27.070000,27956.600000,20388.500000,11900564752941166983,null,2,3,0
538,292,19.65,19.650000,25612.100000,20578.800000,13890955468831899976,null,2,3,0
539,298,19.65,19.650000,25612.100000,20578.800000,13564580808457985984,null,2,3,0
540,305,28.73,28.730000,28943.100000,20628.200000,2317888784506755284,null,2,3,0
541,311,19.64,19.640000,25612.100000,20582.100000,11484942188471407640,null,2,3,0
542,318,19.64,19.640000,25612.100000,20582.100000,15386868973056599246,null,2,3,0
543,324,19.64,19.640000,25612.100000,20582.100000,8225572246504690478,null,2,3,0
544,330,19.65,19.650000,25612.100000,20579.000000,1528626115364801906,null,2,3,0
545,338,27.05,27.050000,27643.400000,20166.500000,8095339177048986142,null,2,3,0
546,344,26.45,26.450000,27844.200000,20480.000000,11884660920946621560,null,2,3,0
547,351,19.91,19.910000,25809.400000,20670.300000,9942725089801224158,null,2,3,0
548,357,19.64,19.640000,25612.100000,20582.100000,15802602603369677812,null,2,3,0
549,363,24.76,24.760000,27387.800000,20606.200000,1570703667106639180,null,2,3,0
550,370,19.64,19.640000,25612.100000,20582.100000,16905522727868699763,null,2,3,0
551,376,19.64,19.640000,25612.100000,20582.100000,1578086374593459469,null,2,3,0
552,383,19.64,19.640000,25612.100000,20582.100000,6919152424243735456,null,2,3,0
553,389,27.01,27.010000,27956.600000,20404.200000,14340745201278743096,null,2,3,0
554,395,28.73,28.730000,28943.100000,20628.200000,5940232466861552826,null,2,3,0
555,209,66.56,66.560000,26401.600000,8828.490000,13192350995251734419,null,3,3,0
556,216,66.56,66.560000,26401.600000,8828.490000,10201181234649507856,null,3,3,0
557,223,66.56,66.560000,26401.600000,8828.490000,1926603209545961610,null,3,3,0
558,230,66.56,66.560000,26401.600000,8828.490000,16997762892199910676,null,3,3,0
559,237,65.15,65.150000,26018.700000,9066.870000,8193562054402698475,null,3,3,0
560,245,65.15,65.150000,26018.700000,9066.870000,8371641545896741731,null,3,3,0
561,252,65.15,65.150000,26018.700000,9066.870000,2272505163863294,null,3,3,0
562,259,65.15,65.150000,26018.700000,9066.870000,9801740054773149757,null,3,3,0
563,267,65.15,65.150000,26018.700000,9066.870000,12296475943845308763,null,3,3,0
564,274,65.15,65.150000,26018.700000,9066.870000,12290927221261350593,null,3,3,0
565,281,66.51,66.510000,26018.700000,8714.490000,4231748884183067324,null,3,3,0
566,288,63.17,63.170000,25393.200000,9351.690000,6594739737103835489,null,3,3,0
567,295,63.17,63.170000,25393.200000,9351.690000,17622367699832603457,null,3,3,0
568,302,63.17,63.170000,25393.200000,9351.690000,11858524873898602660,null,3,3,0
569,310,63.39,63.390000,25253.700000,9246.300000,10171850908544185315,null,3,3,0
570,317,63.17,63.170000,25393.200000,9351.690000,14428400380775878785,null,3,3,0
571,324,67.45,67.450000,26217.200000,8532.640000,788170414386104305,null,3,3,0
572,331,63.17,63.170000,25393.200000,9351.690000,2676572835139177787,null,3,3,0
573,338,63.17,63.170000,25393.200000,9351.690000,1003125608705521050,null,3,3,0
574,345,71.2,71.200000,26119.000000,7521.360000,9888840109869074812,null,3,3,0
575,352,64.62,64.620000,25996.900000,9197.220000,17636621879622100525,null,3,3,0
576,359,63.17,63.170000,25393.200000,9351.690000,7207301068588691343,null,3,3,0
577,366,63.17,63.170000,25393.200000,9351.690000,13746027570520240066,null,3,3,0
578,373,63.17,63.170000,25393.200000,9351.690000,6602014530203175199,null,3,3,0
579,380,63.17,63.170000,25393.200000,9351.690000,16538951437600688336,null,3,3,0
580,388,82.98,82.980000,31002.100000,5277.120000,9375580654891993869,null,3,3,0
581,395,63.17,63.170000,25393.200000,9351.690000,17662555383855102449,null,3,3,0
582,401,63.17,63.170000,25393.200000,9351.690000,17175011735386864104,null,3,3,0
583,408,63.44,63.440000,25253.700000,9232.470000,3649319988742759624,null,3,3,0
584,414,63.92,63.920000,25393.200000,9162.030000,3317709040324323551,null,3,3,0
585,211,75.95,75.950000,69933.500000,16817.800000,16416838826731940838,null,4,3,0
586,220,75.95,75.950000,69933.500000,16817.800000,13148921344745159279,null,4,3,0
587,229,75.98,75.980000,69933.500000,16795.100000,16902664110052488272,null,4,3,0
588,236,75.92,75.920000,69933.500000,16842.900000,18096441444838564230,null,4,3,0
589,243,33.62,33.620000,25479.800000,16913.500000,3038282196938798408,null,4,3,0
590,249,33.62,33.620000,25479.800000,16913.500000,785906142723113784,null,4,3,0
591,255,30.34,30.340000,25100.600000,17484.700000,5395708410596870055,null,4,3,0
592,262,32.96,32.960000,25746.800000,17261.200000,2112203195905041336,null,4,3,0
593,268,28.81,28.810000,25290.500000,18005.000000,6604902842780981201,null,4,3,0
594,275,29.04,29.040000,25290.500000,17947.000000,12534118750669156461,null,4,3,0
595,281,24.58,24.580000,25584.800000,19297.300000,17132907377660500040,null,4,3,0
596,288,27.39,27.390000,26945.700000,19565.000000,9870596504439685825,null,4,3,0
597,295,24.58,24.580000,25584.800000,19297.300000,3951133366492490767,null,4,3,0
598,302,21.54,21.540000,25100.600000,19694.100000,6078750299176148178,null,4,3,0
599,309,21.54,21.540000,25100.600000,19694.100000,6360540298675898853,null,4,3,0
600,315,21.54,21.540000,25100.600000,19694.100000,9700754991032254144,null,4,3,0
601,321,32.96,32.960000,25746.800000,17261.200000,2991278938065963056,null,4,3,0
602,328,29.44,29.440000,26438.800000,18656.000000,11770772091801996708,null,4,3,0
603,334,19.94,19.940000,25131.700000,20120.500000,9884284194014583288,null,4,3,0
604,340,75.32,75.320000,64734.300000,15976.000000,15496901475938183770,null,4,3,0
605,347,19.35,19.350000,24963.000000,20133.800000,1777256867640730431,null,4,3,0
606,354,73.16,73.160000,69933.500000,18773.600000,8768310138823233001,null,4,3,0
607,362,33.51,33.510000,29395.500000,19544.500000,2521178014114188239,null,4,3,0
608,369,19.35,19.350000,24963.000000,20133.800000,14626831640769468493,null,4,3,0
609,375,25.51,25.510000,27026.100000,20131.500000,5678249238684292382,null,4,3,0
610,381,74.66,74.660000,64309.800000,16296.800000,15916937532112257217,null,4,3,0
611,387,24.62,24.620000,26842.600000,20234.900000,2011169778967501978,null,4,3,0
612,394,19.35,19.350000,24963.000000,20133.800000,8063253912183826062,null,4,3,0
613,400,19.35,19.350000,24963.000000,20133.800000,3017008594784456423,null,4,3,0
614,406,21.37,21.370000,25556.700000,20096.200000,12996178148565857870,null,4,3,0
615,207,85.81,85.810000,61823.900000,8772.350000,1785815007283201521,null,5,3,0
616,213,85.37,85.370000,60416.100000,8838.530000,2065352739073441823,null,5,3,0
617,218,85.37,85.370000,60416.100000,8838.530000,13211556033093563874,null,5,3,0
618,223,85.37,85.370000,60416.100000,8838.530000,664981621018375034,null,5,3,0
619,229,85.37,85.370000,60416.100000,8838.530000,12224173489853775659,null,5,3,0
620,234,85.37,85.370000,60416.100000,8838.530000,16909010619243788313,null,5,3,0
621,240,85.37,85.370000,60416.100000,8838.530000,13631226027019963091,null,5,3,0
622,246,69.26,69.260000,42579.400000,13089.000000,2518064768229674972,null,5,3,0
623,253,69.26,69.260000,42579.400000,13089.000000,4606008685415329008,null,5,3,0
624,260,72.56,72.560000,47897.900000,13142.300000,13610196369851251211,null,5,3,0
625,266,69.26,69.260000,42579.400000,13089.000000,15128339797022107318,null,5,3,0
626,273,72.07,72.070000,47023.500000,13135.600000,354950719800164245,null,5,3,0
627,280,69.26,69.260000,42579.400000,13089.000000,10179024414094421693,null,5,3,0
628,286,69.26,69.260000,42579.400000,13089.000000,1026914961933244782,null,5,3,0
629,293,69.26,69.260000,42579.400000,13089.000000,14969687771928192560,null,5,3,0
630,300,69.26,69.260000,42579.400000,13089.000000,3753245430910026673,null,5,3,0
631,306,72.13,72.130000,46271.500000,12896.200000,1890197170749270843,null,5,3,0
632,313,80.87,80.870000,58174.900000,11131.600000,17445680211997579825,null,5,3,0
633,320,74.31,74.310000,48367.200000,12424.900000,1507889701430076878,null,5,3,0
634,326,69.26,69.260000,42579.400000,13089.000000,11961998791407506765,null,5,3,0
635,333,69.26,69.260000,42579.400000,13089.000000,988481644520850419,null,5,3,0
636,340,69.26,69.260000,42579.400000,13089.000000,1066724278428465334,null,5,3,0
637,346,69.09,69.090000,43437.400000,13427.400000,8448523491516408205,null,5,3,0
638,353,69.09,69.090000,43437.400000,13427.400000,12950054083266423317,null,5,3,0
639,359,69.09,69.090000,43437.400000,13427.400000,11045337088216659193,null,5,3,0
640,366,31.15,31.150000,27021.600000,18605.400000,3080259434534513365,null,5,3,0
641,372,32.31,32.310000,27551.100000,18649.300000,11414431141333135276,null,5,3,0
642,379,31.15,31.150000,27021.600000,18605.400000,2538929029627769347,null,5,3,0
643,385,32.83,32.830000,27551.100000,18507.300000,17697164132182640369,null,5,3,0
644,392,23.47,23.470000,26306.900000,20131.400000,12148858346869140393,null,5,3,0
645,209,69.49,69.490000,66365.600000,20247.200000,11914827550767034869,null,6,3,0
646,215,75.8,75.800000,66365.600000,16060.400000,613806140960349124,null,6,3,0
647,222,69.72,69.720000,66365.600000,20097.200000,12656916792461677982,null,6,3,0
648,229,69.2,69.200000,64909.800000,19990.300000,14367477716090207960,null,6,3,0
649,236,69.2,69.200000,64909.800000,19990.300000,6844843853718556882,null,6,3,0
650,243,69.2,69.200000,64909.800000,19990.300000,12855709268532199028,null,6,3,0
651,250,69.47,69.470000,64909.800000,19818.600000,8659981189140116219,null,6,3,0
652,257,69.2,69.200000,64909.800000,19990.300000,15220386149835055368,null,6,3,0
653,264,68.9,68.900000,64909.800000,20186.500000,6072468321635005387,null,6,3,0
654,271,37.48,37.480000,31113.200000,19453.000000,15282758160203650601,null,6,3,0
655,278,36.52,36.520000,31113.200000,19749.800000,16265301993561343911,null,6,3,0
656,285,36.52,36.520000,31113.200000,19749.800000,2328722836732667627,null,6,3,0
657,291,36.59,36.590000,31113.200000,19729.700000,2717024212087184202,null,6,3,0
658,298,37,37.000000,31113.200000,19601.100000,13982627139306133952,null,6,3,0
659,305,36.52,36.520000,31113.200000,19749.800000,367708384234447072,null,6,3,0
660,312,20.4,20.400000,24976.300000,19881.400000,14216195358294346755,null,6,3,0
661,318,26.77,26.770000,27361.200000,20036.200000,2598148385059544664,null,6,3,0
662,324,27.71,27.710000,27069.000000,19568.500000,6268575400227595510,null,6,3,0
663,331,24.36,24.360000,27191.300000,20567.500000,769662961799875882,null,6,3,0
664,337,20.4,20.400000,24976.300000,19881.400000,17443593282811047406,null,6,3,0
665,343,20.4,20.400000,24976.300000,19881.400000,4000665727381751761,null,6,3,0
666,350,20.4,20.400000,24976.300000,19881.400000,16260268449248693472,null,6,3,0
667,356,20.4,20.400000,24976.300000,19881.400000,16653681642487752128,null,6,3,0
668,363,23.51,23.510000,26214.000000,20051.600000,3276483161852902899,null,6,3,0
669,369,27.99,27.990000,27361.200000,19703.600000,8144713110355214029,null,6,3,0
670,375,20.4,20.400000,24976.300000,19881.400000,1195995108665945919,null,6,3,0
671,382,20.4,20.400000,24976.300000,19881.400000,16485555005209998863,null,6,3,0
672,388,20.4,20.400000,24976.300000,19881.400000,16797684703515008204,null,6,3,0
673,394,20.4,20.400000,24976.300000,19881.400000,13771580065624672537,null,6,3,0
674,400,25.6,25.600000,26617.400000,19803.600000,5443101948026467992,null,6,3,0
675,210,48.61,48.610000,30808.100000,15832.500000,5744176990636885073,null,7,3,0
676,218,48.61,48.610000,30808.100000,15832.500000,14885019599768906996,null,7,3,0
677,225,48.61,48.610000,30808.100000,15832.500000,12089711609471498235,null,7,3,0
678,232,51.89,51.890000,30808.100000,14821.200000,5222914166780319176,null,7,3,0
679,240,48.61,48.610000,30808.100000,15832.500000,6251460722815147250,null,7,3,0
680,248,48.61,48.610000,30808.100000,15832.500000,16086295394573546571,null,7,3,0
681,256,48.61,48.610000,30808.100000,15832.500000,2819139032728170269,null,7,3,0
682,264,48.61,48.610000,30808.100000,15832.500000,8373747163980409209,null,7,3,0
683,273,50.47,50.470000,30808.100000,15258.500000,164474988889192200,null,7,3,0
684,281,48.72,48.720000,30808.100000,15797.300000,24313936070930409,null,7,3,0
685,288,62.97,62.970000,30808.100000,11407.400000,1873570782854128605,null,7,3,0
686,296,48.61,48.610000,30808.100000,15832.500000,4344403717032811223,null,7,3,0
687,305,47.71,47.710000,30808.100000,16109.900000,9219987658551663329,null,7,3,0
688,312,50.51,50.510000,29601.200000,14649.700000,8830524834116865787,null,7,3,0
689,321,47.71,47.710000,30808.100000,16109.900000,3915563258256125789,null,7,3,0
690,330,48.78,48.780000,30808.100000,15778.600000,18055489416904247086,null,7,3,0
691,339,47.71,47.710000,30808.100000,16109.900000,17409599459737215172,null,7,3,0
692,345,39.83,39.830000,26820.900000,16136.900000,12450817815043007206,null,7,3,0
693,352,38.99,38.990000,26653.800000,16262.200000,11519565193450538791,null,7,3,0
694,358,36.43,36.430000,26653.800000,16944.300000,10338359735217689358,null,7,3,0
695,365,37.43,37.430000,26861.300000,16808.100000,9898139791968343442,null,7,3,0
696,371,76.8,76.800000,66258.200000,15374.200000,94134226999681500,null,7,3,0
697,377,36.43,36.430000,26653.800000,16944.300000,14596846786722082908,null,7,3,0
698,384,38.78,38.780000,26653.800000,16317.200000,3465491683844814344,null,7,3,0
699,391,67.74,67.740000,26055.800000,8406.040000,4116428003632914134,null,7,3,0
700,397,36.43,36.430000,26653.800000,16944.300000,596395757294387531,null,7,3,0
701,402,36.43,36.430000,26653.800000,16944.300000,18403935741896517717,null,7,3,0
702,408,46.18,46.180000,28621.400000,15403.800000,9579289375706562720,null,7,3,0
703,414,47.2,47.200000,29702.800000,15684.000000,3095113309275241542,null,7,3,0
704,420,36.43,36.430000,26653.800000,16944.300000,9747120061511813652,null,7,3,0
705,208,72.79,72.790000,27279.700000,7422.270000,3084217699474891324,null,8,3,0
706,214,72.79,72.790000,27279.700000,7422.270000,8536172791209943182,null,8,3,0
707,220,72.79,72.790000,27279.700000,7422.270000,11538099142310154225,null,8,3,0
708,226,72.79,72.790000,27279.700000,7422.270000,11686446491189716790,null,8,3,0
709,232,72.79,72.790000,27279.700000,7422.270000,8173819040862078795,null,8,3,0
710,238,72.79,72.790000,27279.700000,7422.270000,3566389219264902789,null,8,3,0
711,244,72.79,72.790000,27279.700000,7422.270000,8401201322716634311,null,8,3,0
712,250,72.07,72.070000,29004.100000,8100.200000,17420757076267131672,null,8,3,0
713,256,72.07,72.070000,29004.100000,8100.200000,12575558457348470405,null,8,3,0
714,262,72.79,72.790000,27279.700000,7422.270000,17866872113553846262,null,8,3,0
715,268,72.8,72.800000,28523.000000,7758.230000,647480824853511158,null,8,3,0
716,274,72.07,72.070000,29004.100000,8100.200000,12211799840317246097,null,8,3,0
717,279,81.69,81.690000,56139.900000,10279.300000,10939418084936644382,null,8,3,0
718,285,72.07,72.070000,29004.100000,8100.200000,17964017788574268137,null,8,3,0
719,291,69.84,69.840000,28491.900000,8591.830000,3673473341626701990,null,8,3,0
720,297,73.69,73.690000,28899.800000,7604.490000,1922335031217301961,null,8,3,0
721,303,69.84,69.840000,28491.900000,8591.830000,11479580563327113478,null,8,3,0
722,309,69.84,69.840000,28491.900000,8591.830000,13009510413221288428,null,8,3,0
723,315,69.84,69.840000,28491.900000,8591.830000,5915371110024862918,null,8,3,0
724,322,57.89,57.890000,26383.300000,11109.500000,18217954357295838274,null,8,3,0
725,329,57.89,57.890000,26383.300000,11109.500000,18058632362062301841,null,8,3,0
726,336,57.89,57.890000,26383.300000,11109.500000,2698950082906031357,null,8,3,0
727,343,57.89,57.890000,26383.300000,11109.500000,12309874442649978372,null,8,3,0
728,349,57.89,57.890000,26383.300000,11109.500000,3752040440149192950,null,8,3,0
729,356,55.62,55.620000,25403.700000,11273.200000,16442380877323695685,null,8,3,0
730,363,55.62,55.620000,25403.700000,11273.200000,8929982812420755939,null,8,3,0
731,369,57.9,57.900000,26978.200000,11357.400000,1390316980670137787,null,8,3,0
732,376,55.62,55.620000,25403.700000,11273.200000,15851944910730852395,null,8,3,0
733,383,55.62,55.620000,25403.700000,11273.200000,17166541175343308452,null,8,3,0
734,390,55.62,55.620000,25403.700000,11273.200000,8217933647644308921,null,8,3,0
735,209,44.08,44.080000,29188.500000,16322.200000,13728307291211843972,null,9,3,0
736,217,44.08,44.080000,29188.500000,16322.200000,14939174570107040454,null,9,3,0
737,223,37.82,37.820000,26495.900000,16474.900000,5819324110547280197,null,9,3,0
738,230,37.82,37.820000,26495.900000,16474.900000,13809314431225739490,null,9,3,0
739,237,38.22,38.220000,26820.900000,16569.100000,16060033078240629489,null,9,3,0
740,244,37.82,37.820000,26495.900000,16474.900000,11747914629310037137,null,9,3,0
741,250,37.82,37.820000,26495.900000,16474.900000,1118814394559802183,null,9,3,0
742,257,39.13,39.130000,26820.900000,16325.700000,17590691501564715530,null,9,3,0
743,264,37.91,37.910000,26553.000000,16487.100000,1578835775189387423,null,9,3,0
744,271,41.01,41.010000,28031.900000,16536.000000,4772241606507881012,null,9,3,0
745,277,38.66,38.660000,26820.900000,16451.500000,8815848056359626318,null,9,3,0
746,285,44.08,44.080000,29188.500000,16322.200000,10086921134776332093,null,9,3,0
747,292,37.77,37.770000,26820.900000,16691.900000,13856821695997775061,null,9,3,0
748,299,37.77,37.770000,26820.900000,16691.900000,7030004559456261425,null,9,3,0
749,306,37.77,37.770000,26820.900000,16691.900000,1570639967743766872,null,9,3,0
750,314,37.77,37.770000,26820.900000,16691.900000,1735295749596526374,null,9,3,0
751,321,37.92,37.920000,26820.900000,16649.200000,14131060264602693229,null,9,3,0
752,327,76.03,76.030000,67998.700000,16301.900000,5623667389203724394,null,9,3,0
753,335,76.68,76.680000,69933.500000,16305.900000,12064334389803535583,null,9,3,0
754,342,37.77,37.770000,26820.900000,16691.900000,1295781756769644522,null,9,3,0
755,350,37.77,37.770000,26820.900000,16691.900000,10791023123525745094,null,9,3,0
756,357,37.77,37.770000,26820.900000,16691.900000,14305273873147389464,null,9,3,0
757,364,37.56,37.560000,26820.900000,16747.700000,10150882438315410386,null,9,3,0
758,372,37,37.000000,26820.900000,16898.100000,4384575988102521534,null,9,3,0
759,381,76.63,76.630000,69933.500000,16343.700000,769269042641843371,null,9,3,0
760,389,37,37.000000,26820.900000,16898.100000,12541486836840537332,null,9,3,0
761,395,37.51,37.510000,26472.900000,16543.600000,2514013445393190738,null,9,3,0
762,402,41.56,41.560000,28031.900000,16381.800000,6909029698792167619,null,9,3,0
763,408,68.54,68.540000,27239.200000,8569.920000,5463879685343815555,null,9,3,0
764,414,29.79,29.790000,25150.000000,17657.100000,8397798498999595837,null,9,3,0
765,208,27.7,27.700000,28087.900000,20308.200000,886559247017188561,null,10,3,0
766,215,27.7,27.700000,28087.900000,20308.200000,11282155806557411124,null,10,3,0
767,221,27.66,27.660000,28087.900000,20317.700000,14879980777415809579,null,10,3,0
768,228,69.6,69.600000,26098.400000,7934.290000,3561485069763830979,null,10,3,0
769,234,27.66,27.660000,28087.900000,20317.700000,16926710853235847086,null,10,3,0
770,241,27.66,27.660000,28087.900000,20317.700000,13162375884924135524,null,10,3,0
771,247,27.27,27.270000,27686.200000,20137.000000,7294323488863521221,null,10,3,0
772,254,30.48,30.480000,28332.800000,19696.700000,11070193875541944558,null,10,3,0
773,261,27.12,27.120000,27386.300000,19958.900000,9305289135327961692,null,10,3,0
774,267,24.73,24.730000,26653.900000,20063.700000,7187402907610972159,null,10,3,0
775,274,23.99,23.990000,26170.400000,19891.900000,11563034335197640775,null,10,3,0
776,281,23.05,23.050000,26120.600000,20101.000000,6025824573373024889,null,10,3,0
777,288,23.05,23.050000,26120.600000,20101.000000,6558290279537722406,null,10,3,0
778,295,23.05,23.050000,26120.600000,20101.000000,17876972491722400123,null,10,3,0
779,301,23.05,23.050000,26120.600000,20101.000000,5811844590820786006,null,10,3,0
780,308,23.05,23.050000,26120.600000,20101.000000,3128945488539365972,null,10,3,0
781,315,23.05,23.050000,26120.600000,20101.000000,15148724686834939829,null,10,3,0
782,322,23.05,23.050000,26120.600000,20101.000000,5173622317435987510,null,10,3,0
783,329,24.58,24.580000,26696.600000,20135.300000,14252900136217274609,null,10,3,0
784,335,22.99,22.990000,26328.900000,20277.100000,16931378652893762654,null,10,3,0
785,342,27.27,27.270000,28087.900000,20427.400000,6720323288082338282,null,10,3,0
786,348,23.95,23.950000,26575.900000,20211.700000,1729990787685816098,null,10,3,0
787,354,20.64,20.640000,25826.200000,20496.800000,2422350023620904515,null,10,3,0
788,361,25.25,25.250000,27162.400000,20304.900000,7441475937722704118,null,10,3,0
789,367,20.64,20.640000,25826.200000,20496.800000,18191556060147401528,null,10,3,0
790,374,28.31,28.310000,28395.400000,20356.700000,18414617721417348870,null,10,3,0
791,381,21.45,21.450000,26270.500000,20634.200000,2500111962322372362,null,10,3,0
792,387,20.64,20.640000,25826.200000,20496.800000,3452067472372680477,null,10,3,0
793,393,20.64,20.640000,25826.200000,20496.800000,6383242125661846731,null,10,3,0
794,399,20.64,20.640000,25826.200000,20496.800000,1693342388589417577,null,10,3,0
795,208,40.19,40.190000,27288.800000,16320.900000,5729293888896613947,null,11,3,0
796,214,40.19,40.190000,27288.800000,16320.900000,12713130704659467400,null,11,3,0
797,220,40.19,40.190000,27288.800000,16320.900000,1530495662995024885,null,11,3,0
798,226,24.86,24.860000,24937.000000,18737.700000,5377817966460394396,null,11,3,0
799,233,24.86,24.860000,24937.000000,18737.700000,18232509486238499168,null,11,3,0
800,239,27.89,27.890000,26184.600000,18882.700000,785678524502420177,null,11,3,0
801,245,41.72,41.720000,27089.800000,15787.800000,16854412253558007734,null,11,3,0
802,251,36.31,36.310000,24918.200000,15871.400000,10086881998983551555,null,11,3,0
803,257,42.19,42.190000,27454.800000,15873.000000,12603497484808914638,null,11,3,0
804,263,24.86,24.860000,24937.000000,18737.700000,15999705751759009500,null,11,3,0
805,270,24.86,24.860000,24937.000000,18737.700000,18434350646436005202,null,11,3,0
806,276,24.95,24.950000,24937.000000,18715.200000,1168567932517517580,null,11,3,0
807,283,23.86,23.860000,25060.000000,19080.800000,3122909221753197244,null,11,3,0
808,289,23.86,23.860000,25060.000000,19080.800000,532189366716840548,null,11,3,0
809,296,22.98,22.980000,25291.400000,19479.900000,5065533851029640732,null,11,3,0
810,302,51.6,51.600000,26052.800000,12608.600000,5376626799299601101,null,11,3,0
811,308,23.19,23.190000,25237.100000,19384.400000,3105589689763861172,null,11,3,0
812,315,21.05,21.050000,25291.400000,19967.700000,16983088217568563177,null,11,3,0
813,321,21.05,21.050000,25291.400000,19967.700000,13972179772045755941,null,11,3,0
814,328,26.6,26.600000,25176.700000,18480.700000,13422802803914639267,null,11,3,0
815,334,24.11,24.110000,25246.600000,19159.400000,15666971219571738009,null,11,3,0
816,341,26.6,26.600000,25176.700000,18480.700000,3406967324309522188,null,11,3,0
817,347,24.01,24.010000,25060.000000,19041.900000,7043450953549849115,null,11,3,0
818,354,24.06,24.060000,25291.400000,19206.100000,11737444841758584961,null,11,3,0
819,360,21.05,21.050000,25291.400000,19967.700000,13951695977488253833,null,11,3,0
820,367,73.46,73.460000,60811.900000,16137.900000,5798214056269553741,null,11,3,0
821,374,77.22,77.220000,69995.100000,15945.700000,492952501792382528,null,11,3,0
822,381,25.03,25.030000,25707.200000,19271.800000,13901618833889854169,null,11,3,0
823,387,21.63,21.630000,25291.400000,19822.100000,15532733545756907231,null,11,3,0
824,393,36.22,36.220000,25592.300000,16322.000000,15298683260047664944,null,11,3,0
825,207,72.2,72.200000,28038.000000,7793.220000,15429904249380215066,null,12,3,0
826,213,74.2,74.200000,29417.700000,7591.110000,9948410495272941508,null,12,3,0
827,219,72.2,72.200000,28038.000000,7793.220000,1897192414631210215,null,12,3,0
828,224,72.2,72.200000,28038.000000,7793.220000,7889912534822181642,null,12,3,0
829,229,36.77,36.770000,30001.200000,18971.300000,2963789496536201656,null,12,3,0
830,235,36.77,36.770000,30001.200000,18971.300000,15996290007372092718,null,12,3,0
831,240,34.71,34.710000,30001.200000,19587.200000,10533860557688778525,null,12,3,0
832,246,34.71,34.710000,30001.200000,19587.200000,2176115853916531436,null,12,3,0
833,252,34.71,34.710000,30001.200000,19587.200000,4196784512193647060,null,12,3,0
834,257,34.71,34.710000,30001.200000,19587.200000,15540016329507662660,null,12,3,0
835,263,35.13,35.130000,30180.300000,19576.500000,12547233664065818943,null,12,3,0
836,268,34.71,34.710000,30001.200000,19587.200000,1353593779918788441,null,12,3,0
837,274,25.61,25.610000,27226.300000,20253.400000,18369347568220194710,null,12,3,0
838,280,25.61,25.610000,27226.300000,20253.400000,6018102653044831281,null,12,3,0
839,286,25.61,25.610000,27226.300000,20253.400000,821020531246263107,null,12,3,0
840,292,25.61,25.610000,27226.300000,20253.400000,1734611046153197900,null,12,3,0
841,297,23.66,23.660000,26536.400000,20258.000000,12902587476661323948,null,12,3,0
842,303,34.71,34.710000,30001.200000,19587.200000,16719346739444391570,null,12,3,0
843,309,27.79,27.790000,27540.200000,19886.600000,6870363351951951905,null,12,3,0
844,314,25.79,25.790000,27226.300000,20205.300000,6731707395243515675,null,12,3,0
845,320,23.02,23.020000,26521.700000,20417.700000,12048652619892572223,null,12,3,0
846,326,25.34,25.340000,27829.300000,20776.400000,1504066505054563850,null,12,3,0
847,331,23.02,23.020000,26521.700000,20417.700000,18312838645275586397,null,12,3,0
848,337,23.02,23.020000,26521.700000,20417.700000,291205965774792197,null,12,3,0
849,343,23.02,23.020000,26521.700000,20417.700000,7489463976222958970,null,12,3,0
850,348,23.02,23.020000,26521.700000,20417.700000,10152811226672803872,null,12,3,0
851,354,23.18,23.180000,26991.500000,20736.100000,2609130542186135043,null,12,3,0
852,360,23.02,23.020000,26521.700000,20417.700000,15891496220224220154,null,12,3,0
853,366,27.76,27.760000,28296.100000,20440.700000,9320406158854645104,null,12,3,0
854,371,20.34,20.340000,25309.300000,20162.100000,9698271588873351719,null,12,3,0
855,208,37.68,37.680000,26820.900000,16714.300000,13686693836569030067,null,13,3,0
856,215,41.89,41.890000,28796.900000,16733.600000,7341279224343237380,null,13,3,0
857,221,37.68,37.680000,26820.900000,16714.300000,507833372370299984,null,13,3,0
858,228,37.58,37.580000,26820.900000,16742.300000,6682879336366388150,null,13,3,0
859,234,25.16,25.160000,26820.900000,20072.600000,18077215021372901238,null,13,3,0
860,240,25.16,25.160000,26820.900000,20072.600000,18310579623020139114,null,13,3,0
861,247,35.26,35.260000,30700.900000,19875.000000,7154314394034143126,null,13,3,0
862,254,30.94,30.940000,28341.500000,19573.700000,17724418874624607950,null,13,3,0
863,260,24.73,24.730000,26532.500000,19972.100000,15229224198668821429,null,13,3,0
864,266,68.23,68.230000,63234.700000,20087.700000,10141585397777047250,null,13,3,0
865,272,24.73,24.730000,26532.500000,19972.100000,6656792567839782288,null,13,3,0
866,278,33.57,33.570000,29753.300000,19763.900000,15265513289340940962,null,13,3,0
867,285,24.73,24.730000,26532.500000,19972.100000,15962389691471136009,null,13,3,0
868,291,24.73,24.730000,26532.500000,19972.100000,17018256746953024596,null,13,3,0
869,298,25.77,25.770000,26714.500000,19830.600000,10550639822220646230,null,13,3,0
870,304,25.37,25.370000,26532.500000,19800.800000,12575068040776628576,null,13,3,0
871,311,25.48,25.480000,26532.500000,19772.200000,10566143640855226061,null,13,3,0
872,317,25.63,25.630000,26532.500000,19731.900000,12186614207189464480,null,13,3,0
873,324,71.08,71.080000,29645.400000,8573.110000,18053959565052399482,null,13,3,0
874,330,24.73,24.730000,26532.500000,19972.100000,6581565753179596430,null,13,3,0
875,337,24.17,24.170000,26532.500000,20118.800000,14445636294018909593,null,13,3,0
876,343,24.17,24.170000,26532.500000,20118.800000,4840850492495483357,null,13,3,0
877,350,24.19,24.190000,26532.500000,20113.500000,15361642383126660179,null,13,3,0
878,356,26.9,26.900000,27374.100000,20011.000000,9932967596813314079,null,13,3,0
879,362,29.32,29.320000,28214.800000,19942.500000,1927928825137106680,null,13,3,0
880,369,24.17,24.170000,26532.500000,20118.800000,8318742891730569606,null,13,3,0
881,376,71.2,71.200000,69933.500000,20143.700000,16488537515435082323,null,13,3,0
882,382,31.36,31.360000,28861.800000,19811.300000,2504614210718390760,null,13,3,0
883,389,24.73,24.730000,26532.500000,19972.100000,5364649596426587264,null,13,3,0
884,394,28.4,28.400000,27897.800000,19973.500000,14414823330295528524,null,13,3,0
885,207,75.82,75.820000,64668.300000,15636.900000,2062038241860012728,null,14,3,0
886,212,80.46,80.460000,64668.300000,12637.000000,8377329214147167563,null,14,3,0
887,217,75.82,75.820000,64668.300000,15636.900000,2892239449994216389,null,14,3,0
888,223,75.58,75.580000,64409.800000,15729.000000,17583029739308188478,null,14,3,0
889,228,76.17,76.170000,64409.800000,15348.600000,1160283427101726830,null,14,3,0
890,234,69.32,69.320000,64409.800000,19758.800000,10310589165679783525,null,14,3,0
891,241,69.64,69.640000,64409.800000,19554.400000,5588995330064858210,null,14,3,0
892,248,73.91,73.910000,64409.800000,16803.000000,12398073352244738287,null,14,3,0
893,255,69.32,69.320000,64409.800000,19758.800000,5947841313534213828,null,14,3,0
894,261,69.23,69.230000,64309.800000,19785.300000,4953126425119759352,null,14,3,0
895,268,69.23,69.230000,64309.800000,19785.300000,18233384980460835826,null,14,3,0
896,274,69.23,69.230000,64309.800000,19785.300000,3529960868344244327,null,14,3,0
897,280,68.47,68.470000,64309.800000,20275.300000,10621287807648880622,null,14,3,0
898,287,68.47,68.470000,64309.800000,20275.300000,6894457047672257346,null,14,3,0
899,294,68.71,68.710000,64409.800000,20156.300000,17251528255941572203,null,14,3,0
900,300,68.95,68.950000,64909.800000,20157.500000,13150915940294349291,null,14,3,0
901,307,71.34,71.340000,69933.500000,20041.800000,11032819207428605038,null,14,3,0
902,314,68.71,68.710000,64409.800000,20153.700000,1649191931193922321,null,14,3,0
903,321,74.17,74.170000,64309.800000,16608.100000,2794378360227811380,null,14,3,0
904,328,68.61,68.610000,64409.800000,20219.100000,414072916091646438,null,14,3,0
905,334,30.42,30.420000,28414.400000,19770.100000,6207494640364536285,null,14,3,0
906,341,30.42,30.420000,28414.400000,19770.100000,3096524739316669615,null,14,3,0
907,347,30.42,30.420000,28414.400000,19770.100000,6825262911622642667,null,14,3,0
908,353,30.42,30.420000,28414.400000,19770.100000,4049100025872843372,null,14,3,0
909,359,31.13,31.130000,28273.200000,19472.400000,878352839587516142,null,14,3,0
910,366,26.37,26.370000,26733.100000,19682.900000,8406479724513854736,null,14,3,0
911,373,39.95,39.950000,26733.100000,16053.900000,2718797903258358585,null,14,3,0
912,378,74.92,74.920000,64309.800000,16129.300000,11584558647197883201,null,14,3,0
913,385,26.01,26.010000,26462.400000,19579.400000,6565628204280598145,null,14,3,0
914,392,32.4,32.400000,25302.200000,17104.600000,9589599697322278228,null,14,3,0
915,207,77.03,77.030000,69933.500000,16062.700000,4543044928307362155,null,15,3,0
916,212,77.03,77.030000,69933.500000,16062.700000,701141222592570690,null,15,3,0
917,218,77.24,77.240000,69995.100000,15928.300000,9221760120829408919,null,15,3,0
918,223,77.03,77.030000,69933.500000,16062.700000,6327345260544739728,null,15,3,0
919,228,77.03,77.030000,69933.500000,16062.700000,2798741302589434255,null,15,3,0
920,233,76.1,76.100000,67283.500000,16078.100000,5254142440975620546,null,15,3,0
921,238,75.99,75.990000,67283.500000,16153.600000,2535908813119354329,null,15,3,0
922,243,76.1,76.100000,67283.500000,16078.100000,5846237417401164328,null,15,3,0
923,249,77.73,77.730000,69933.500000,15574.400000,13581259148410842334,null,15,3,0
924,254,75.99,75.990000,67283.500000,16153.600000,10356288608071166306,null,15,3,0
925,258,75.99,75.990000,67283.500000,16153.600000,11450682301047742632,null,15,3,0
926,263,75.99,75.990000,67283.500000,16153.600000,17579125213972349859,null,15,3,0
927,268,74.48,74.480000,64840.600000,16547.600000,18371234051655414044,null,15,3,0
928,273,74.48,74.480000,64840.600000,16547.600000,17313171758154390933,null,15,3,0
929,278,74.41,74.410000,64840.600000,16592.300000,967073638975289924,null,15,3,0
930,283,76.76,76.760000,69933.500000,16249.700000,12608403120136753597,null,15,3,0
931,288,76.55,76.550000,69933.500000,16402.200000,1660004745872707087,null,15,3,0
932,292,74.41,74.410000,64840.600000,16592.300000,18223505660767793914,null,15,3,0
933,298,77.17,77.170000,69933.500000,15964.100000,17973511179067194328,null,15,3,0
934,303,74.41,74.410000,64840.600000,16592.300000,12045281752513058038,null,15,3,0
935,308,76.44,76.440000,69933.500000,16478.800000,3227776078038245329,null,15,3,0
936,312,76.65,76.650000,69933.500000,16326.300000,4755567408332128274,null,15,3,0
937,319,68.94,68.940000,64840.600000,20142.600000,11803946560540013661,null,15,3,0
938,326,69.64,69.640000,64840.600000,19684.900000,13468568958502291418,null,15,3,0
939,332,69.75,69.750000,64840.600000,19613.800000,14306625667630222495,null,15,3,0
940,340,69.01,69.010000,65340.600000,20251.100000,17758841896836156257,null,15,3,0
941,347,71.34,71.340000,69933.500000,20040.700000,8064876893864395133,null,15,3,0
942,353,71.67,71.670000,69933.500000,19811.300000,5198912909408139539,null,15,3,0
943,360,68.94,68.940000,64840.600000,20142.600000,16767207496173604234,null,15,3,0
944,367,71.57,71.570000,69933.500000,19880.500000,11211233639509944579,null,15,3,0
945,426,15.93,15.930000,24960.630000,20984.357381,8834437340796442406,null,0,3,1
946,433,29.14,29.140000,27449.890000,19450.097085,12867021098718405938,null,0,3,1
947,426,17.46,17.460000,24960.630000,20603.554516,9258582091597426236,null,1,3,1
948,433,15.88,15.880000,24960.630000,20996.573452,4582536420448304488,null,1,3,1
949,426,15.93,15.930000,24960.630000,20984.357381,454286047759908463,null,2,3,1
950,433,22.82,22.820000,26901.250000,20761.215580,16193864760285919502,null,2,3,1
951,426,15.93,15.930000,24960.630000,20984.357381,17091476553854309662,null,3,3,1
952,433,15.98,15.980000,24960.630000,20970.795874,4749608359016017771,null,3,3,1
953,426,15.93,15.930000,24960.630000,20984.357381,6938544597857176144,null,4,3,1
954,433,15.93,15.930000,24960.630000,20984.357381,13369182080986243473,null,4,3,1
955,426,35.75,35.750000,27722.280000,17810.706431,15562054278675581376,null,5,3,1
956,433,34.23,34.230000,27924.490000,18366.438842,10002447267617400022,null,5,3,1
957,426,17.79,17.790000,25618.530000,21059.735144,9338716197648886766,null,6,3,1
958,433,19.39,19.390000,25775.460000,20777.055565,7077932989266659597,null,6,3,1
959,427,19.74,19.740000,25967.550000,20841.382675,817398911424247380,null,7,3,1
960,433,15.93,15.930000,24960.630000,20984.357381,18170917615055002301,null,7,3,1
961,426,15.93,15.930000,24960.630000,20984.357381,13591199749668163338,null,8,3,1
962,433,15.93,15.930000,24960.630000,20984.357381,10047689952939541531,null,8,3,1
963,426,15.93,15.930000,24960.630000,20984.357381,1002655477410444585,null,9,3,1
964,433,15.93,15.930000,24960.630000,20984.357381,7194465901836442835,null,9,3,1
965,426,15.93,15.930000,24960.630000,20984.357381,12939795933880968768,null,10,3,1
966,433,15.93,15.930000,24960.630000,20984.357381,7548385087479017703,null,10,3,1
967,426,15.93,15.930000,24960.630000,20984.357381,17483446713948191914,null,11,3,1
968,426,15.93,15.930000,24960.630000,20984.357381,5989813034011799004,null,12,3,1
969,426,15.93,15.930000,24960.630000,20984.357381,8402155342141913834,null,13,3,1
970,426,15.93,15.930000,24960.630000,20984.357381,1255580314613596438,null,14,3,1
971,426,15.93,15.930000,24960.630000,20984.357381,8121506712637453024,null,15,3,1
972,440,18.15,18.150000,25447.240000,20828.250627,14608687585791458684,null,0,4,0
973,447,19.02,19.020000,25376.010000,20548.979643,12277993509727699756,null,0,4,0
974,453,18.15,18.150000,25447.240000,20828.250627,8950944076922488895,null,0,4,0
975,460,18.15,18.150000,25447.240000,20828.250627,6399281952156523937,null,0,4,0
976,466,20.9,20.900000,25999.590000,20564.860196,12631018604557027126,null,0,4,0
977,473,18.15,18.150000,25447.240000,20828.250627,3815541341772098382,null,0,4,0
978,479,18.1,18.100000,25447.240000,20840.581743,7307029119298892784,null,0,4,0
979,485,32.48,32.480000,28062.080000,18948.076278,18245806746805673906,null,0,4,0
980,492,18.15,18.150000,25447.240000,20828.250627,14242918015282244126,null,0,4,0
981,498,18.15,18.150000,25447.240000,20828.250627,17363899318743957719,null,0,4,0
982,505,18.82,18.820000,25779.520000,20927.873618,17082151987704168435,null,0,4,0
983,511,18.15,18.150000,25447.240000,20828.250627,17448868776382415219,null,0,4,0
984,518,18.15,18.150000,25447.240000,20828.250627,14496053217843002832,null,0,4,0
985,524,18.15,18.150000,25447.240000,20828.250627,14460298408940701843,null,0,4,0
986,531,18.15,18.150000,25447.240000,20828.250627,6646463593637341812,null,0,4,0
987,538,70.16,70.160000,66365.630000,19801.045894,18302952844120553346,null,0,4,0
988,545,18.15,18.150000,25447.240000,20828.250627,6086083888401965942,null,0,4,0
989,551,19.95,19.950000,25838.820000,20684.436258,6457112142950728873,null,0,4,0
990,558,18.15,18.150000,25447.240000,20828.250627,15327598771660193681,null,0,4,0
991,564,18.15,18.150000,25447.240000,20828.250627,846116397751182886,null,0,4,0
992,571,20.84,20.840000,26227.780000,20761.624090,4074359726037022612,null,0,4,0
993,577,18.15,18.150000,25447.240000,20828.250627,2052036255423333771,null,0,4,0
994,584,18.15,18.150000,25447.240000,20828.250627,4645463420502182024,null,0,4,0
995,590,15.99,15.990000,24960.630000,20969.958376,10228076453780444258,null,0,4,0
996,599,39.11,39.110000,26194.310000,15949.409885,426159656833687068,null,0,4,0
997,605,18.15,18.150000,25447.240000,20828.250627,8282955765044229607,null,0,4,0
998,611,33.08,33.080000,29240.150000,19567.996621,17055693814630262781,null,0,4,0
999,618,17.93,17.930000,25480.990000,20913.005594,11878488299854354751,null,0,4,0
1000,624,21.14,21.140000,26708.940000,21062.366212,12985616405913679156,null,0,4,0
1001,630,18.15,18.150000,25447.240000,20828.250627,9047801935555447971,null,0,4,0
1002,440,17.11,17.110000,24563.800000,20361.700000,1919665592699266492,9,1,4,0
1003,446,17.11,17.110000,24563.800000,20361.700000,12141504583682936899,9,1,4,0
1004,453,16.25,16.250000,24563.800000,20572.800000,8078347558126168695,9,1,4,0
1005,459,16.25,16.250000,24563.800000,20572.800000,977607774725655161,9,1,4,0
1006,466,16.25,16.250000,24563.800000,20572.800000,4487241182578749023,9,1,4,0
1007,473,16.25,16.250000,24563.800000,20572.800000,3253899680435757041,9,1,4,0
1008,479,16.81,16.810000,24563.800000,20435.600000,7107969856821466107,9,1,4,0
1009,486,16.82,16.820000,24563.800000,20433.000000,17404526429095515891,9,1,4,0
1010,492,16.25,16.250000,24563.800000,20572.800000,13228460226091300028,9,1,4,0
1011,499,16.25,16.250000,24563.800000,20572.800000,6729904982920801762,9,1,4,0
1012,505,27.12,27.120000,24544.200000,17887.800000,7261520204600732436,9,1,4,0
1013,512,15.74,15.740000,24563.800000,20696.700000,911837285525837781,9,1,4,0
1014,519,15.74,15.740000,24563.800000,20696.700000,2046301492144988564,9,1,4,0
1015,525,19.89,19.890000,24563.800000,19679.200000,1927311160676477131,9,1,4,0
1016,532,15.74,15.740000,24563.800000,20696.700000,3661776555032037656,9,1,4,0
1017,539,34.92,34.920000,24544.200000,15972.800000,2731930642887125772,9,1,4,0
1018,546,15.74,15.740000,24563.800000,20696.700000,14554376135068586832,9,1,4,0
1019,552,15.81,15.810000,24563.800000,20679.400000,92536740567547477,9,1,4,0
1020,559,15.74,15.740000,24563.800000,20696.700000,14290972990642399624,9,1,4,0
1021,566,15.74,15.740000,24563.800000,20696.700000,16645446960995832022,9,1,4,0
1022,574,16.78,16.780000,24563.800000,20442.300000,11489760202096616955,9,1,4,0
1023,581,16.45,16.450000,24563.800000,20523.800000,7481001002111047100,9,1,4,0
1024,587,15.74,15.740000,24563.800000,20696.700000,7863193674460532860,9,1,4,0
1025,594,17.56,17.560000,24563.800000,20249.900000,9171302009158483603,9,1,4,0
1026,601,17.99,17.990000,24563.800000,20145.700000,17048330977496323516,9,1,4,0
1027,607,31.93,31.930000,24544.200000,16706.300000,8873354931956357365,9,1,4,0
1028,614,16.47,16.470000,24563.800000,20518.300000,2270896577880372725,9,1,4,0
1029,621,19.86,19.860000,24563.800000,19686.500000,9575772753215875378,9,1,4,0
1030,627,15.74,15.740000,24563.800000,20696.700000,4011845376058238199,9,1,4,0
1031,633,15.74,15.740000,24563.800000,20696.700000,3270280732294448577,9,1,4,0
1032,440,78.55,78.550000,68050.600000,14596.700000,13658094073592013963,null,2,4,0
1033,448,38.61,38.610000,26438.800000,16231.800000,14239481969413033015,null,2,4,0
1034,456,76,76.000000,60811.900000,14596.700000,1381476763884889447,null,2,4,0
1035,462,75.3,75.300000,60811.900000,15021.400000,14547486994519721544,null,2,4,0
1036,469,32.09,32.090000,28675.100000,19472.400000,12100533151821427225,null,2,4,0
1037,475,32.47,32.470000,28388.600000,19171.300000,15808367651213668805,null,2,4,0
1038,481,32.09,32.090000,28675.100000,19472.400000,13726394936950716442,null,2,4,0
1039,489,46.88,46.880000,28675.100000,15232.000000,6526719803882254364,null,2,4,0
1040,495,32.09,32.090000,28675.100000,19472.400000,9324801089603276182,null,2,4,0
1041,501,32.09,32.090000,28675.100000,19472.400000,18348788834933942201,null,2,4,0
1042,508,32.09,32.090000,28675.100000,19472.400000,16116913848684133550,null,2,4,0
1043,514,32.09,32.090000,28675.100000,19472.400000,12748813904494719505,null,2,4,0
1044,520,36.53,36.530000,30735.200000,19506.400000,7994014206895501332,null,2,4,0
1045,526,32.09,32.090000,28675.100000,19472.400000,4144660066606797539,null,2,4,0
1046,533,78.3,78.300000,64409.800000,13976.300000,2666994714900102182,null,2,4,0
1047,538,30.15,30.150000,28133.400000,19651.400000,12882374182317427012,null,2,4,0
1048,545,29.4,29.400000,27546.200000,19448.800000,6977411894836802576,null,2,4,0
1049,551,29.4,29.400000,27546.200000,19448.800000,13047807099167531127,null,2,4,0
1050,557,29.4,29.400000,27546.200000,19448.800000,3498459824486959733,null,2,4,0
1051,563,31.77,31.770000,28820.200000,19662.700000,12261106521289972296,null,2,4,0
1052,569,29.4,29.400000,27546.200000,19448.800000,2145272698883942125,null,2,4,0
1053,575,31.45,31.450000,28751.300000,19709.100000,8133146126600554962,null,2,4,0
1054,582,29.4,29.400000,27546.200000,19448.800000,11210829682148587734,null,2,4,0
1055,588,28.88,28.880000,27546.200000,19591.600000,3519835925997432463,null,2,4,0
1056,594,32.93,32.930000,29309.100000,19658.400000,3177169833690169518,null,2,4,0
1057,600,32.57,32.570000,28830.600000,19440.600000,3904109087008072438,null,2,4,0
1058,606,35.54,35.540000,30390.800000,19590.800000,9494793424353258875,null,2,4,0
1059,612,28.88,28.880000,27546.200000,19591.600000,10752253878987189100,null,2,4,0
1060,618,28.71,28.710000,27546.200000,19637.400000,6202377360905867413,null,2,4,0
1061,624,28.71,28.710000,27546.200000,19637.400000,10681974188386674022,null,2,4,0
1062,441,30.55,30.550000,27750.200000,19272.200000,10968145510319475011,null,3,4,0
1063,449,30.55,30.550000,27750.200000,19272.200000,3334868116382063663,null,3,4,0
1064,456,30.55,30.550000,27750.200000,19272.200000,4901060466316248248,null,3,4,0
1065,464,30.55,30.550000,27750.200000,19272.200000,544374219965187615,null,3,4,0
1066,471,23.77,23.770000,25263.400000,19258.000000,10380431846694208949,null,3,4,0
1067,478,23.77,23.770000,25263.400000,19258.000000,6828380264287374397,null,3,4,0
1068,485,23.77,23.770000,25263.400000,19258.000000,18233049771313498989,null,3,4,0
1069,493,23.77,23.770000,25263.400000,19258.000000,17251888291973423564,null,3,4,0
1070,500,31.3,31.300000,28103.300000,19307.300000,14654965080101401785,null,3,4,0
1071,507,23.77,23.770000,25263.400000,19258.000000,17386029579839429786,null,3,4,0
1072,515,23.77,23.770000,25263.400000,19258.000000,11491416144540169933,null,3,4,0
1073,522,23.77,23.770000,25263.400000,19258.000000,10085008962327027220,null,3,4,0
1074,529,23.77,23.770000,25263.400000,19258.000000,11217496331173534625,null,3,4,0
1075,537,23.77,23.770000,25263.400000,19258.000000,11820974315084537876,null,3,4,0
1076,544,22.18,22.180000,25263.400000,19659.800000,2888332348500731553,null,3,4,0
1077,551,21.15,21.150000,25263.400000,19921.400000,12337269353240688284,null,3,4,0
1078,559,21.15,21.150000,25263.400000,19921.400000,9005997676812473506,null,3,4,0
1079,566,28.28,28.280000,27744.300000,19897.300000,3954423806435896652,null,3,4,0
1080,573,21.15,21.150000,25263.400000,19921.400000,15840335348983871460,null,3,4,0
1081,581,30.29,30.290000,28442.500000,19828.600000,101355734136210365,null,3,4,0
1082,588,21.84,21.840000,25263.400000,19745.500000,16086802219035243977,null,3,4,0
1083,595,21.15,21.150000,25263.400000,19921.400000,4459557421261108168,null,3,4,0
1084,604,71.86,71.860000,69933.500000,19682.000000,10911644716391561795,null,3,4,0
1085,612,21.15,21.150000,25263.400000,19921.400000,11355238162435881541,null,3,4,0
1086,619,20.76,20.760000,25213.400000,19979.700000,1493213826490559104,null,3,4,0
1087,626,20.76,20.760000,25213.400000,19979.700000,1029151942975537182,null,3,4,0
1088,632,28.43,28.430000,27750.200000,19862.000000,2075172307443239853,null,3,4,0
1089,639,20.76,20.760000,25213.400000,19979.700000,9523263388722323889,null,3,4,0
1090,646,20.76,20.760000,25213.400000,19979.700000,3945200997219163932,null,3,4,0
1091,653,26.52,26.520000,26959.500000,19810.600000,10505951972590273763,null,3,4,0
1092,440,64.14,64.140000,28484.600000,10214.600000,7822454061869089009,null,4,4,0
1093,446,64.14,64.140000,28484.600000,10214.600000,1374913417239670827,null,4,4,0
1094,452,64.14,64.140000,28484.600000,10214.600000,9029325264050374492,null,4,4,0
1095,458,64.14,64.140000,28484.600000,10214.600000,717038893773399111,null,4,4,0
1096,464,83.11,83.110000,61259.100000,10344.000000,5730334753460102191,null,4,4,0
1097,472,57.67,57.670000,27054.400000,11452.200000,18384158598685008689,null,4,4,0
1098,480,57.11,57.110000,27081.600000,11614.100000,16221850384272326305,null,4,4,0
1099,487,57.11,57.110000,27081.600000,11614.100000,12254931136700457255,null,4,4,0
1100,495,57.11,57.110000,27081.600000,11614.100000,9881088562889836721,null,4,4,0
1101,503,57.7,57.700000,27472.200000,11620.300000,8348353944410791169,null,4,4,0
1102,510,55.88,55.880000,26773.000000,11811.900000,3490277624779999981,null,4,4,0
1103,517,52.38,52.380000,25340.500000,12068.100000,10084400588151610736,null,4,4,0
1104,524,54.31,54.310000,26152.800000,11949.900000,16314221960181372675,null,4,4,0
1105,531,52.38,52.380000,25340.500000,12068.100000,16750053749473297913,null,4,4,0
1106,538,54.19,54.190000,26122.600000,11967.000000,499949883632503782,null,4,4,0
1107,545,52.76,52.760000,25393.700000,11994.900000,10767657899058047657,null,4,4,0
1108,552,50.46,50.460000,26237.800000,12999.000000,8125928860024558109,null,4,4,0
1109,559,52.82,52.820000,25879.800000,12209.700000,7256152944337595497,null,4,4,0
1110,567,85.47,85.470000,69995.100000,10171.900000,10958616718566227993,null,4,4,0
1111,574,51.82,51.820000,25900.800000,12479.100000,6226029335955653866,null,4,4,0
1112,581,49.56,49.560000,25610.100000,12917.600000,18360775972120762545,null,4,4,0
1113,588,49.56,49.560000,25610.100000,12917.600000,16424886003309111179,null,4,4,0
1114,595,51.15,51.150000,25914.200000,12658.100000,2844632170303203323,null,4,4,0
1115,601,49.56,49.560000,25610.100000,12917.600000,4496836896969024094,null,4,4,0
1116,608,50.23,50.230000,25775.700000,12828.200000,1001276291026605851,null,4,4,0
1117,615,52,52.000000,26342.200000,12643.900000,2519773886420532597,null,4,4,0
1118,622,55.1,55.100000,27134.900000,12182.800000,15255492962861000428,null,4,4,0
1119,628,58.9,58.900000,27722.300000,11393.600000,4301707637752390183,null,4,4,0
1120,634,49.56,49.560000,25610.100000,12917.600000,847809239733009702,null,4,4,0
1121,641,48.43,48.430000,25093.000000,12940.300000,6514529514560106360,null,4,4,0
1122,440,38.59,38.590000,27533.800000,16909.600000,11984913262860082027,null,5,4,0
1123,446,45.86,45.860000,26761.800000,14489.900000,3528455997343460124,null,5,4,0
1124,454,48.25,48.250000,30278.000000,15667.900000,16157794546818636689,null,5,4,0
1125,460,38.74,38.740000,27533.800000,16866.600000,6983449790770524762,null,5,4,0
1126,466,39.38,39.380000,29342.200000,17786.300000,1692386687063319022,null,5,4,0
1127,472,38.59,38.590000,27533.800000,16909.600000,5593599663252404194,null,5,4,0
1128,479,40.49,40.490000,26737.900000,15911.400000,13229339591202034031,null,5,4,0
1129,485,35.03,35.030000,25951.900000,16860.500000,7669650709512020565,null,5,4,0
1130,492,35.01,35.010000,25951.900000,16865.700000,11507204515803253294,null,5,4,0
1131,499,45.15,45.150000,28675.000000,15729.400000,5518079067532301961,null,5,4,0
1132,505,35.01,35.010000,25951.900000,16865.700000,13605184885051386575,null,5,4,0
1133,512,34.18,34.180000,25951.900000,17082.100000,7552652173034236552,null,5,4,0
1134,518,34.18,34.180000,25951.900000,17082.100000,682818100501960246,null,5,4,0
1135,524,35.78,35.780000,26833.600000,17232.800000,9987343323393428292,null,5,4,0
1136,530,34.18,34.180000,25951.900000,17082.100000,11103560871177134729,null,5,4,0
1137,536,37.49,37.490000,27891.100000,17433.500000,725008117021267215,null,5,4,0
1138,542,34.18,34.180000,25951.900000,17082.100000,14459496140950817755,null,5,4,0
1139,549,38.7,38.700000,27742.200000,17006.700000,8230556576635921442,null,5,4,0
1140,555,34.18,34.180000,25951.900000,17082.100000,15497005830756756488,null,5,4,0
1141,561,46.64,46.640000,29454.100000,15716.100000,7455426164101919541,null,5,4,0
1142,567,35.78,35.780000,26833.600000,17232.800000,1445683103910441904,null,5,4,0
1143,574,35.58,35.580000,26428.300000,17024.900000,18276726398291454319,null,5,4,0
1144,580,32.49,32.490000,25320.900000,17093.500000,1928879163062828007,null,5,4,0
1145,586,32.49,32.490000,25320.900000,17093.500000,3024555592214560122,null,5,4,0
1146,592,33.25,33.250000,25315.800000,16897.500000,7063525498779174519,null,5,4,0
1147,598,32.49,32.490000,25320.900000,17093.500000,1169028863049352799,null,5,4,0
1148,604,32.49,32.490000,25320.900000,17093.500000,14913254461743104976,null,5,4,0
1149,611,41.23,41.230000,29342.200000,17245.600000,12220797929495857348,null,5,4,0
1150,617,32.49,32.490000,25320.900000,17093.500000,11978887295186289068,null,5,4,0
1151,623,40.8,40.800000,29233.900000,17306.100000,4227976872209089337,null,5,4,0
1152,443,79.36,79.360000,69933.500000,14434.800000,4507515462723728766,null,6,4,0
1153,452,79.04,79.040000,69995.100000,14668.400000,8604638973014536022,null,6,4,0
1154,462,79.04,79.040000,69995.100000,14668.400000,11732809918335095089,null,6,4,0
1155,471,79.85,79.850000,69995.100000,14100.800000,4826516813350610513,null,6,4,0
1156,481,79.85,79.850000,69995.100000,14105.200000,6525717714400975888,null,6,4,0
1157,491,79.04,79.040000,69995.100000,14668.400000,8927928686533289321,null,6,4,0
1158,498,77,77.000000,65410.500000,15041.300000,766353458634445389,null,6,4,0
1159,507,76.33,76.330000,63522.800000,15038.800000,2036208072365820460,null,6,4,0
1160,514,75.59,75.590000,61645.400000,15048.500000,9296187543944385682,null,6,4,0
1161,522,77.89,77.890000,69933.500000,15463.900000,5277542014177804235,null,6,4,0
1162,530,75.23,75.230000,61020.800000,15116.300000,15240121007167253312,null,6,4,0
1163,538,75.23,75.230000,61020.800000,15116.300000,15766889656602781362,null,6,4,0
1164,546,75.23,75.230000,61020.800000,15116.300000,16269875234322571586,null,6,4,0
1165,554,78.55,78.550000,69995.100000,15013.700000,2587768538584965640,null,6,4,0
1166,561,75.6,75.600000,61745.400000,15067.800000,3424865968446777590,null,6,4,0
1167,568,78.45,78.450000,69933.500000,15070.300000,16083506134249378786,null,6,4,0
1168,576,75.23,75.230000,61020.800000,15116.300000,7683095069479727274,null,6,4,0
1169,583,75.23,75.230000,61020.800000,15116.300000,16573812232088030899,null,6,4,0
1170,594,56.87,56.870000,34597.600000,14921.200000,5965053692560936792,null,6,4,0
1171,604,56.87,56.870000,34597.600000,14921.200000,8817736849449185244,null,6,4,0
1172,614,56.87,56.870000,34597.600000,14921.200000,13049564905424791752,null,6,4,0
1173,624,56.87,56.870000,34597.600000,14921.200000,5910963065996058577,null,6,4,0
1174,633,71.24,71.240000,69933.500000,20110.700000,17936028859213509528,null,6,4,0
1175,642,56.87,56.870000,34597.600000,14921.200000,6064223672645264737,null,6,4,0
1176,648,34.76,34.760000,24952.000000,16279.000000,3957703722366772839,null,6,4,0
1177,654,77.91,77.910000,66258.200000,14637.000000,9971385648490723610,null,6,4,0
1178,660,37.69,37.690000,25438.400000,15849.900000,4537405749078303179,null,6,4,0
1179,667,34.76,34.760000,24952.000000,16279.000000,753396249251413381,null,6,4,0
1180,673,34.76,34.760000,24952.000000,16279.000000,8942302800180218131,null,6,4,0
1181,679,37.21,37.210000,25350.600000,15916.600000,5713836868656649198,null,6,4,0
1182,439,80.91,80.910000,63486.700000,12121.200000,5550932290260280603,null,7,4,0
1183,445,80.91,80.910000,63486.700000,12121.200000,2883687128302194229,null,7,4,0
1184,450,76.26,76.260000,63486.700000,15070.700000,4565298884632343207,null,7,4,0
1185,456,76.26,76.260000,63486.700000,15070.700000,4936516787207818425,null,7,4,0
1186,462,76.26,76.260000,63486.700000,15070.700000,11521616135284369332,null,7,4,0
1187,467,76.26,76.260000,63486.700000,15070.700000,8292880595422670613,null,7,4,0
1188,473,76.26,76.260000,63486.700000,15070.700000,2596544563101016477,null,7,4,0
1189,478,74.85,74.850000,63486.700000,15968.600000,11335014426110002676,null,7,4,0
1190,484,71.92,71.920000,63486.700000,17827.500000,10177477560056508489,null,7,4,0
1191,489,74.92,74.920000,68050.600000,17064.300000,6746595440093156480,null,7,4,0
1192,495,72.82,72.820000,63486.700000,17254.900000,13731695428124012083,null,7,4,0
1193,501,74.97,74.970000,68050.600000,17031.700000,6642639666054398263,null,7,4,0
1194,506,72.56,72.560000,63486.700000,17418.700000,10555373520185762698,null,7,4,0
1195,513,82.11,82.110000,63486.700000,11355.800000,6509794382726412476,null,7,4,0
1196,518,73.26,73.260000,63486.700000,16974.800000,17517660078655666200,null,7,4,0
1197,524,71.92,71.920000,63486.700000,17827.500000,18156264190777987524,null,7,4,0
1198,530,70.91,70.910000,60811.900000,17689.000000,16254066388229054585,null,7,4,0
1199,536,28.42,28.420000,28140.100000,20143.200000,14437543510381876203,null,7,4,0
1200,542,28.42,28.420000,28140.100000,20143.200000,11463793355370696440,null,7,4,0
1201,548,27.95,27.950000,27998.200000,20173.700000,12644888415212868286,null,7,4,0
1202,555,26.25,26.250000,27590.500000,20349.000000,14359966705367477835,null,7,4,0
1203,561,26.25,26.250000,27590.500000,20349.000000,241652381715158043,null,7,4,0
1204,568,25.95,25.950000,27369.800000,20267.700000,10776002084863315695,null,7,4,0
1205,574,29.76,29.760000,28694.200000,20153.700000,1276854916646170256,null,7,4,0
1206,581,25.95,25.950000,27369.800000,20267.700000,17761126013165962729,null,7,4,0
1207,587,25.95,25.950000,27369.800000,20267.700000,18184875830759514267,null,7,4,0
1208,593,25.95,25.950000,27369.800000,20267.700000,59546914819509250,null,7,4,0
1209,600,26.18,26.180000,27261.600000,20123.400000,10050685280171879033,null,7,4,0
1210,606,25.95,25.950000,27369.800000,20267.700000,10627202095672155750,null,7,4,0
1211,612,28.39,28.390000,28327.400000,20286.200000,8707257581675613428,null,7,4,0
1212,440,69.99,69.990000,69933.500000,20986.700000,1851657816708626703,null,8,4,0
1213,446,70.62,70.620000,69933.500000,20546.300000,5548097607504362617,null,8,4,0
1214,452,32.35,32.350000,28815.100000,19493.500000,2215022721659655140,null,8,4,0
1215,458,35.37,35.370000,30187.200000,19509.300000,7283724896653551808,null,8,4,0
1216,465,32.35,32.350000,28815.100000,19493.500000,13168875820975079958,null,8,4,0
1217,471,32.34,32.340000,28815.100000,19495.300000,8309649713614464292,null,8,4,0
1218,477,32.34,32.340000,28815.100000,19495.300000,3035608396383849389,null,8,4,0
1219,483,70.35,70.350000,69933.500000,20737.600000,8109172031541718195,null,8,4,0
1220,490,32.34,32.340000,28815.100000,19495.300000,16798339633726529761,null,8,4,0
1221,496,35.73,35.730000,30180.300000,19395.500000,8767688373410152765,null,8,4,0
1222,502,28.53,28.530000,27275.100000,19493.300000,14783760193174070547,null,8,4,0
1223,509,28.53,28.530000,27275.100000,19493.300000,10093321798510980143,null,8,4,0
1224,515,28.53,28.530000,27275.100000,19493.300000,7065055743977833552,null,8,4,0
1225,521,28.53,28.530000,27275.100000,19493.300000,631585974940004462,null,8,4,0
1226,527,31.79,31.790000,28406.000000,19375.900000,8151274084722006445,null,8,4,0
1227,533,28.35,28.350000,27275.100000,19543.800000,12309591564743927745,null,8,4,0
1228,539,29.04,29.040000,26847.000000,19051.100000,8021231418732326772,null,8,4,0
1229,546,31.22,31.220000,28798.700000,19809.000000,7835274955897706323,null,8,4,0
1230,552,28.35,28.350000,27275.100000,19543.800000,8796292669515674286,null,8,4,0
1231,558,28.35,28.350000,27275.100000,19543.800000,3414799912712377299,null,8,4,0
1232,564,32.41,32.410000,28406.000000,19199.200000,8548038473020322994,null,8,4,0
1233,570,28.47,28.470000,27275.100000,19509.900000,1461055040908951807,null,8,4,0
1234,577,30.47,30.470000,27949.300000,19432.600000,9644714550568841030,null,8,4,0
1235,583,28.35,28.350000,27275.100000,19543.800000,2773888777824337420,null,8,4,0
1236,589,28.47,28.470000,27275.100000,19509.900000,16013563358187723430,null,8,4,0
1237,595,28.35,28.350000,27275.100000,19543.800000,11083595725320513004,null,8,4,0
1238,601,50.73,50.730000,26847.000000,13227.800000,8808236347704512534,null,8,4,0
1239,607,27.22,27.220000,26438.800000,19243.200000,1226863426194286419,null,8,4,0
1240,614,32.7,32.700000,28675.100000,19299.500000,4019802723243999894,null,8,4,0
1241,620,27.22,27.220000,26438.800000,19243.200000,17909290521269077947,null,8,4,0
1242,440,76.43,76.430000,63342.500000,14926.800000,12297453289319901484,null,9,4,0
1243,446,77.27,77.270000,63342.500000,14395.100000,10152437301373758471,null,9,4,0
1244,452,78.91,78.910000,69933.500000,14750.600000,8234323464431582342,null,9,4,0
1245,459,76.43,76.430000,63342.500000,14926.800000,9968246413579993210,null,9,4,0
1246,465,76.73,76.730000,63342.500000,14739.500000,7116214607812793555,null,9,4,0
1247,472,76.43,76.430000,63342.500000,14926.800000,7831251887142990706,null,9,4,0
1248,478,75.48,75.480000,63342.500000,15532.800000,4802962165803346464,null,9,4,0
1249,484,75.91,75.910000,63342.500000,15258.200000,7111940951878167507,null,9,4,0
1250,490,75.48,75.480000,63342.500000,15532.800000,13674255822783883593,null,9,4,0
1251,496,24.64,24.640000,26818.700000,20210.400000,238882201149720999,null,9,4,0
1252,503,24.64,24.640000,26818.700000,20210.400000,1962643197776270160,null,9,4,0
1253,510,28.69,28.690000,27426.200000,19557.900000,2883288869187356620,null,9,4,0
1254,517,20.98,20.980000,25763.800000,20358.000000,4096116269405587642,null,9,4,0
1255,523,22.75,22.750000,26271.800000,20295.000000,8122714832173382599,null,9,4,0
1256,531,18.75,18.750000,25091.500000,20387.300000,13997740234688546348,null,9,4,0
1257,538,49.43,49.430000,30655.900000,15504.100000,4366626036150452108,null,9,4,0
1258,545,22.81,22.810000,25334.900000,19555.800000,18312447823170723498,null,9,4,0
1259,552,36.69,36.690000,30886.900000,19554.100000,15802977473420270951,null,9,4,0
1260,560,18.75,18.750000,25091.500000,20387.300000,14644204462116999082,null,9,4,0
1261,566,25.26,25.260000,27064.600000,20228.200000,15851188440154987657,null,9,4,0
1262,574,18.75,18.750000,25091.500000,20387.300000,13735264394118990374,null,9,4,0
1263,581,21.51,21.510000,26627.800000,20900.300000,13163100599831848021,null,9,4,0
1264,588,18.82,18.820000,25236.900000,20487.100000,15051159067282639082,null,9,4,0
1265,594,38.5,38.500000,26960.000000,16579.200000,3572300200328209096,null,9,4,0
1266,602,18.75,18.750000,25091.500000,20387.300000,14098176265780907089,null,9,4,0
1267,608,18.74,18.740000,24922.700000,20251.800000,4421768137541427770,null,9,4,0
1268,615,18.74,18.740000,24922.700000,20251.800000,14788407964429230428,null,9,4,0
1269,622,27.78,27.780000,27144.100000,19604.700000,14404243706389107928,null,9,4,0
1270,628,21.51,21.510000,26184.300000,20551.300000,4157130961244266533,null,9,4,0
1271,634,18.74,18.740000,24922.700000,20251.800000,7576213945278752300,null,9,4,0
1272,440,24.49,24.490000,25806.400000,19485.900000,17167412295919669507,null,10,4,0
1273,446,23.92,23.920000,25806.400000,19633.600000,3742868547057723309,null,10,4,0
1274,452,30.68,30.680000,27949.300000,19374.600000,16513060662988022257,null,10,4,0
1275,458,23.92,23.920000,25806.400000,19633.600000,17259835872535495409,null,10,4,0
1276,465,37.37,37.370000,31270.600000,19583.500000,16392203688831672571,null,10,4,0
1277,471,25.29,25.290000,25806.400000,19280.400000,16224340501758231520,null,10,4,0
1278,477,23.92,23.920000,25806.400000,19633.600000,11608836934875945773,null,10,4,0
1279,483,23.92,23.920000,25806.400000,19633.600000,14895314753294734779,null,10,4,0
1280,489,21.42,21.420000,26012.100000,20439.600000,13394924584403687635,null,10,4,0
1281,496,27.32,27.320000,28138.800000,20451.600000,1628680820205829474,null,10,4,0
1282,503,21.26,21.260000,26012.100000,20481.000000,13259109090412248313,null,10,4,0
1283,509,20.13,20.130000,25791.800000,20599.300000,14091239601719705174,null,10,4,0
1284,516,24.62,24.620000,26451.200000,19939.900000,2999950966397219355,null,10,4,0
1285,522,19.62,19.620000,25612.100000,20586.400000,9985925662198557525,null,10,4,0
1286,528,19.62,19.620000,25612.100000,20586.400000,14770134313925219476,null,10,4,0
1287,535,24.49,24.490000,27387.800000,20681.600000,1244197096682750086,null,10,4,0
1288,541,19.85,19.850000,25612.100000,20527.200000,10908398663323289072,null,10,4,0
1289,547,19.62,19.620000,25612.100000,20586.400000,16673232841187788193,null,10,4,0
1290,553,21.77,21.770000,26480.100000,20715.800000,14098527065990598728,null,10,4,0
1291,560,26.13,26.130000,27967.200000,20658.700000,12737602814655026770,null,10,4,0
1292,566,17.95,17.950000,25001.900000,20515.100000,1289965236398188644,null,10,4,0
1293,573,24.38,24.380000,26771.300000,20245.200000,7632857600603123240,null,10,4,0
1294,580,22.69,22.690000,26221.000000,20270.700000,2088080447757722625,null,10,4,0
1295,586,17.95,17.950000,25001.900000,20515.100000,3413794150573537159,null,10,4,0
1296,593,17.95,17.950000,25001.900000,20515.100000,16280003134908909419,null,10,4,0
1297,599,17.95,17.950000,25001.900000,20515.100000,3660048115906097243,null,10,4,0
1298,605,17.95,17.950000,25001.900000,20515.100000,11273742396546001452,null,10,4,0
1299,612,17.95,17.950000,25001.900000,20515.100000,8473397532840398474,null,10,4,0
1300,618,17.95,17.950000,25001.900000,20515.100000,14283415224909252906,null,10,4,0
1301,624,17.95,17.950000,25001.900000,20515.100000,13829009375382223801,null,10,4,0
1302,440,47.95,47.950000,30034.100000,15632.700000,2583581715778983383,null,11,4,0
1303,447,38.78,38.780000,25620.800000,15685.500000,3699056579747992322,null,11,4,0
1304,453,32.54,32.540000,25620.800000,17283.000000,5480660997935929657,null,11,4,0
1305,459,30.52,30.520000,25620.800000,17800.200000,8411827585880503450,null,11,4,0
1306,465,30.61,30.610000,25620.800000,17779.200000,4049665026865478998,null,11,4,0
1307,471,32.84,32.840000,26322.800000,17677.700000,3745461073695244655,null,11,4,0
1308,478,18.53,18.530000,25620.800000,20872.600000,2534031924303275837,null,11,4,0
1309,484,19.01,19.010000,25607.700000,20740.400000,14425259189820752807,null,11,4,0
1310,490,18.53,18.530000,25620.800000,20872.600000,3624142974512504175,null,11,4,0
1311,497,18.53,18.530000,25620.800000,20872.600000,5092097323565654736,null,11,4,0
1312,503,21.01,21.010000,25620.800000,20237.000000,18187941315130718926,null,11,4,0
1313,510,18.53,18.530000,25620.800000,20872.600000,3809517764209773795,null,11,4,0
1314,516,18.53,18.530000,25620.800000,20872.600000,3140911061412010677,null,11,4,0
1315,522,37.76,37.760000,29129.200000,18129.200000,10080175636402476388,null,11,4,0
1316,528,18.53,18.530000,25620.800000,20872.600000,17152155021671087286,null,11,4,0
1317,535,18.53,18.530000,25620.800000,20872.600000,7081827010643253536,null,11,4,0
1318,541,25.97,25.970000,27799.400000,20580.600000,10057745551829714892,null,11,4,0
1319,547,18.53,18.530000,25620.800000,20872.600000,11593645602891939988,null,11,4,0
1320,553,18.73,18.730000,25620.800000,20822.600000,12837224865404129706,null,11,4,0
1321,560,22.28,22.280000,26955.500000,20948.800000,10265391920678308466,null,11,4,0
1322,567,18.47,18.470000,25620.800000,20887.700000,18376527987290026987,null,11,4,0
1323,574,18.47,18.470000,25620.800000,20887.700000,7549169380376346081,null,11,4,0
1324,581,18.47,18.470000,25620.800000,20887.700000,11964027887305941834,null,11,4,0
1325,588,20.05,20.050000,25620.800000,20482.900000,6938589325094563019,null,11,4,0
1326,595,16.74,16.740000,25037.900000,20847.500000,15102471768679954328,null,11,4,0
1327,602,16.68,16.680000,25038.000000,20862.300000,8457329077693953503,null,11,4,0
1328,609,19.22,19.220000,25866.700000,20895.700000,1491319037963245280,null,11,4,0
1329,616,16.53,16.530000,25038.000000,20898.400000,14827521045332414829,null,11,4,0
1330,622,18.56,18.560000,25038.000000,20390.900000,14744111837398940692,null,11,4,0
1331,628,23.63,23.630000,27353.700000,20888.700000,4503617985332504922,null,11,4,0
1332,439,72.68,72.680000,60965.700000,16654.800000,1306092519706089185,null,12,4,0
1333,445,72.68,72.680000,60965.700000,16654.800000,14867874218994523953,null,12,4,0
1334,452,72.24,72.240000,69995.100000,19431.400000,16982478029828464425,null,12,4,0
1335,459,72.24,72.240000,69995.100000,19431.400000,13549513949295446355,null,12,4,0
1336,464,70.99,70.990000,70499.200000,20451.700000,18001183424579949154,null,12,4,0
1337,470,84.8,84.800000,61983.100000,9421.450000,5669985282560968354,null,12,4,0
1338,475,70.99,70.990000,70499.200000,20451.700000,5855524093612163468,null,12,4,0
1339,480,70.99,70.990000,70499.200000,20451.700000,5401665561720057660,null,12,4,0
1340,486,73.77,73.770000,70499.200000,18489.500000,563928697665735580,null,12,4,0
1341,491,70.99,70.990000,70499.200000,20451.700000,8130117886004905635,null,12,4,0
1342,496,70.99,70.990000,70499.200000,20451.700000,1214500159970338522,null,12,4,0
1343,503,79.84,79.840000,70499.200000,14209.200000,3884046043682300878,null,12,4,0
1344,509,71,71.000000,70499.200000,20445.300000,11070048954214673669,null,12,4,0
1345,514,69.24,69.240000,66365.600000,20416.400000,17190807303892346298,null,12,4,0
1346,519,69.24,69.240000,66365.600000,20416.400000,8936788244631331277,null,12,4,0
1347,524,69.34,69.340000,66365.600000,20350.900000,3262830601911803509,null,12,4,0
1348,529,70.18,70.180000,66365.600000,19789.700000,18127499836367037409,null,12,4,0
1349,534,69.24,69.240000,66365.600000,20416.400000,12798383363325083336,null,12,4,0
1350,540,25.32,25.320000,26175.900000,19547.300000,2523123816250750257,null,12,4,0
1351,546,74.87,74.870000,66365.600000,16680.500000,13265520475040173348,null,12,4,0
1352,552,25.32,25.320000,26175.900000,19547.300000,5168699953729496106,null,12,4,0
1353,559,31.15,31.150000,28764.100000,19805.200000,6734483282445483698,null,12,4,0
1354,565,23.9,23.900000,26289.700000,20005.700000,113794579755061465,null,12,4,0
1355,572,23.9,23.900000,26289.700000,20005.700000,18383143088066375543,null,12,4,0
1356,579,31.86,31.860000,26289.700000,17913.200000,6987660497795194906,null,12,4,0
1357,586,24.23,24.230000,26289.700000,19919.200000,8290388011881413758,null,12,4,0
1358,592,31.15,31.150000,28764.100000,19805.200000,17133312524675916294,null,12,4,0
1359,599,24.49,24.490000,26289.700000,19851.500000,17824901904012935361,null,12,4,0
1360,606,24.2,24.200000,26289.700000,19926.900000,788848104852411226,null,12,4,0
1361,612,29.29,29.290000,28176.500000,19924.800000,5052235171275442063,null,12,4,0
1362,440,52.47,52.470000,27664.900000,13147.900000,6337249813568692935,null,13,4,0
1363,446,52.47,52.470000,27664.900000,13147.900000,42682078141107139,null,13,4,0
1364,453,52.47,52.470000,27664.900000,13147.900000,6622072216859051157,null,13,4,0
1365,459,52.47,52.470000,27664.900000,13147.900000,15363799253377209245,null,13,4,0
1366,466,50.47,50.470000,26666.300000,13207.400000,3243673525695247240,null,13,4,0
1367,472,51.87,51.870000,27443.200000,13207.400000,5339170973508301251,null,13,4,0
1368,478,55.56,55.560000,27873.900000,12386.800000,8331846690474465815,null,13,4,0
1369,484,50.47,50.470000,26666.300000,13207.400000,2328853099045163728,null,13,4,0
1370,491,56.14,56.140000,28110.700000,12329.900000,7701559651805650894,null,13,4,0
1371,497,50.47,50.470000,26666.300000,13207.400000,12866456271683815747,null,13,4,0
1372,503,73.96,73.960000,63332.900000,16490.200000,12064480988802819395,null,13,4,0
1373,509,50.47,50.470000,26666.300000,13207.400000,15301419669433379833,null,13,4,0
1374,516,50.47,50.470000,26666.300000,13207.400000,7027007420730178110,null,13,4,0
1375,522,48.23,48.230000,30415.500000,15746.300000,5345358891682283999,null,13,4,0
1376,528,44.26,44.260000,28247.900000,15746.300000,10748873118417026400,null,13,4,0
1377,534,75.36,75.360000,63332.900000,15607.900000,14627602484270007909,null,13,4,0
1378,540,44.26,44.260000,28247.900000,15746.300000,13819155295672184026,null,13,4,0
1379,546,44.26,44.260000,28247.900000,15746.300000,5837618993038713428,null,13,4,0
1380,553,46.6,46.600000,29489.100000,15746.300000,3784501495537555960,null,13,4,0
1381,559,44.26,44.260000,28247.900000,15746.300000,6536416097785920431,null,13,4,0
1382,565,44.82,44.820000,28538.700000,15746.300000,8006571472082191475,null,13,4,0
1383,571,42.22,42.220000,27560.100000,15923.700000,8574830552302395741,null,13,4,0
1384,577,39.72,39.720000,31945.100000,19255.100000,8761665082183759998,null,13,4,0
1385,583,39.72,39.720000,31945.100000,19255.100000,2357376894675632906,null,13,4,0
1386,589,39.72,39.720000,31945.100000,19255.100000,3568616107771778251,null,13,4,0
1387,594,38.24,38.240000,31945.100000,19729.100000,12071051589422982169,null,13,4,0
1388,600,38.24,38.240000,31945.100000,19729.100000,1714013204310631793,null,13,4,0
1389,607,36.05,36.050000,29619.400000,18940.200000,12483579951675178193,null,13,4,0
1390,613,34.09,34.090000,29619.400000,19521.100000,6706562783660468359,null,13,4,0
1391,619,34.09,34.090000,29619.400000,19521.100000,2780703953324435727,null,13,4,0
1392,443,48.52,48.520000,28155.200000,14495.400000,11118598744376623244,null,14,4,0
1393,451,48.52,48.520000,28155.200000,14495.400000,11361231948698236314,null,14,4,0
1394,460,43.48,43.480000,25868.800000,14621.300000,18285293997883826936,null,14,4,0
1395,469,48.65,48.650000,27952.700000,14355.000000,13802691479514547083,null,14,4,0
1396,478,48.57,48.570000,27748.700000,14271.100000,9854177246050038511,null,14,4,0
1397,485,45.8,45.800000,28050.700000,15204.600000,16970373001236562662,null,14,4,0
1398,494,43.48,43.480000,25868.800000,14621.300000,1243891583976885195,null,14,4,0
1399,503,43.48,43.480000,25868.800000,14621.300000,88226234061953009,null,14,4,0
1400,509,31.8,31.800000,27007.800000,18420.300000,18416700940235842466,null,14,4,0
1401,515,31.8,31.800000,27007.800000,18420.300000,2522133661896320472,null,14,4,0
1402,521,31.8,31.800000,27007.800000,18420.300000,11545253585433404425,null,14,4,0
1403,527,31.8,31.800000,27007.800000,18420.300000,11430563790364011805,null,14,4,0
1404,533,34.16,34.160000,28087.900000,18492.300000,12215126471263638696,null,14,4,0
1405,539,31.8,31.800000,27007.800000,18420.300000,9702547228762899197,null,14,4,0
1406,545,31.8,31.800000,27007.800000,18420.300000,7900967647819630507,null,14,4,0
1407,550,47.14,47.140000,27475.300000,14522.800000,15765706746678104551,null,14,4,0
1408,556,28.36,28.360000,25636.600000,18366.800000,9646132468279985163,null,14,4,0
1409,562,28.36,28.360000,25636.600000,18366.800000,331488630144378431,null,14,4,0
1410,568,28.19,28.190000,25393.100000,18233.600000,2055915024783864158,null,14,4,0
1411,574,28.47,28.470000,25393.100000,18163.100000,4477803203107310377,null,14,4,0
1412,580,28.19,28.190000,25393.100000,18233.600000,1939722553674627509,null,14,4,0
1413,585,28.47,28.470000,25393.100000,18163.100000,7682671971447962161,null,14,4,0
1414,591,28.19,28.190000,25393.100000,18233.600000,8933020244612298017,null,14,4,0
1415,597,31.3,31.300000,26619.800000,18289.100000,8451992220929459573,null,14,4,0
1416,603,28.19,28.190000,25393.100000,18233.600000,17299356207357853452,null,14,4,0
1417,609,32.08,32.080000,27071.500000,18386.200000,8156156435356404973,null,14,4,0
1418,615,28.19,28.190000,25393.100000,18233.600000,11423632763149244441,null,14,4,0
1419,621,46.76,46.760000,25168.400000,13400.600000,10564660659920605390,null,14,4,0
1420,627,29.12,29.120000,25918.000000,18369.800000,15037099802960913048,null,14,4,0
1421,633,28.19,28.190000,25393.100000,18233.600000,5003970105162084901,null,14,4,0
1422,440,48.55,48.550000,28229.300000,14525.400000,11928079686933765025,null,15,4,0
1423,447,45.73,45.730000,27124.000000,14720.600000,10862428523087085923,null,15,4,0
1424,454,45.73,45.730000,27124.000000,14720.600000,9554371114717785158,null,15,4,0
1425,461,45.28,45.280000,27841.800000,15234.900000,10287815023174577427,null,15,4,0
1426,468,44.38,44.380000,27841.800000,15486.300000,2533186520912739663,null,15,4,0
1427,475,44.92,44.920000,27841.800000,15336.500000,12602504933166330599,null,15,4,0
1428,481,40.06,40.060000,26447.200000,15852.000000,17204056155057739587,null,15,4,0
1429,488,27.88,27.880000,27841.800000,20080.500000,14671551405669196344,null,15,4,0
1430,495,27.88,27.880000,27841.800000,20080.500000,2921349545569116266,null,15,4,0
1431,501,27.88,27.880000,27841.800000,20080.500000,1788733727739752529,null,15,4,0
1432,508,27.88,27.880000,27841.800000,20080.500000,4347571304624847301,null,15,4,0
1433,514,27.88,27.880000,27841.800000,20080.500000,2874311320554499084,null,15,4,0
1434,521,31.11,31.110000,29124.500000,20062.800000,6456791190574438735,null,15,4,0
1435,526,70.68,70.680000,69933.500000,20506.100000,3575106403214481073,null,15,4,0
1436,533,25.16,25.160000,26753.400000,20021.300000,6673245177246402474,null,15,4,0
1437,540,31.57,31.570000,26750.100000,18305.300000,14190873276817332246,null,15,4,0
1438,546,25.16,25.160000,26753.400000,20021.300000,13719423317916264837,null,15,4,0
1439,553,25.16,25.160000,26753.400000,20021.300000,2345012024055460116,null,15,4,0
1440,560,41.21,41.210000,25929.100000,15242.500000,4354049232191946570,null,15,4,0
1441,567,31.11,31.110000,29124.500000,20062.800000,3504222486996777873,null,15,4,0
1442,573,25.16,25.160000,26753.400000,20021.300000,2206506036999707716,null,15,4,0
1443,580,25.16,25.160000,26753.400000,20021.300000,4271674869516552171,null,15,4,0
1444,587,25.16,25.160000,26753.400000,20021.300000,4316723683372685770,null,15,4,0
1445,593,25.16,25.160000,26753.400000,20021.300000,10044113997646614966,null,15,4,0
1446,600,44.71,44.710000,28870.900000,15963.400000,12394545075622354053,null,15,4,0
1447,607,47.69,47.690000,28870.900000,15102.900000,13244437742372652741,null,15,4,0
1448,614,25.16,25.160000,26753.400000,20021.300000,3758460093157261369,null,15,4,0
1449,620,25.16,25.160000,26753.400000,20021.300000,14290429432147377463,null,15,4,0
1450,627,30.41,30.410000,28349.800000,19730.000000,13735021052960061630,null,15,4,0
1451,634,25.16,25.160000,26753.400000,20021.300000,251529580675353409,null,15,4,0
1452,686,28.08,28.080000,29016.230000,20867.486988,7724425746713347076,null,0,4,1
1453,692,23.46,23.460000,27358.750000,20941.050492,5659938488520692459,null,0,4,1
1454,686,17.36,17.360000,25239.270000,20857.510254,5063104250014721031,null,1,4,1
1455,692,20.92,20.920000,26218.950000,20733.076927,348614897203407294,null,1,4,1
1456,686,15.88,15.880000,24960.630000,20996.573452,3209748769621736623,null,2,4,1
1457,692,15.88,15.880000,24960.630000,20996.573452,16275641887450289710,null,2,4,1
1458,686,15.88,15.880000,24960.630000,20996.573452,3733639745334984661,null,3,4,1
1459,692,15.88,15.880000,24960.630000,20996.573452,6010722450578187453,null,3,4,1
1460,686,15.88,15.880000,24960.630000,20996.573452,17897723515646342298,null,4,4,1
1461,692,15.98,15.980000,24960.630000,20971.095698,8938200841020717756,null,4,4,1
1462,686,15.98,15.980000,24960.630000,20971.095698,14320135554632752865,null,5,4,1
1463,693,16.47,16.470000,25012.490000,20892.912246,10858361780146334174,null,5,4,1
1464,686,15.88,15.880000,24960.630000,20996.573452,11773176560305912237,null,6,4,1
1465,692,15.88,15.880000,24960.630000,20996.573452,5618119249232305959,null,6,4,1
1466,686,15.88,15.880000,24960.630000,20996.573452,16221812535029996439,null,7,4,1
1467,692,15.88,15.880000,24960.630000,20996.573452,1725582705282635736,null,7,4,1
1468,686,15.88,15.880000,24960.630000,20996.573452,14161224290366493299,null,8,4,1
1469,692,28.46,28.460000,28884.260000,20663.843424,15241952912400801418,null,8,4,1
1470,686,15.88,15.880000,24960.630000,20996.573452,12945318931909582484,null,9,4,1
1471,692,15.88,15.880000,24960.630000,20996.573452,17844145572554336868,null,9,4,1
1472,686,17.8,17.800000,24960.630000,20516.773899,11359672426088907180,null,10,4,1
1473,692,15.88,15.880000,24960.630000,20996.573452,2614766183984925892,null,10,4,1
1474,686,15.88,15.880000,24960.630000,20996.573452,5075341028356508955,null,11,4,1
1475,692,15.88,15.880000,24960.630000,20996.573452,6541601739878707576,null,11,4,1
1476,685,15.88,15.880000,24960.630000,20996.573452,3975277509209180453,null,12,4,1
1477,692,15.88,15.880000,24960.630000,20996.573452,11489441685358028186,null,12,4,1
1478,685,15.88,15.880000,24960.630000,20996.573452,851080019325607912,null,13,4,1
1479,685,15.88,15.880000,24960.630000,20996.573452,14053099125529711697,null,14,4,1
1480,685,15.88,15.880000,24960.630000,20996.573452,3040202498575202382,null,15,4,1
1481,700,18.15,18.150000,25447.240000,20828.250627,13415724830508798115,null,0,5,0
1482,706,20.69,20.690000,25815.200000,20474.906944,9537596060611860980,null,0,5,0
1483,713,18.15,18.150000,25447.240000,20828.250627,6777241955840691229,null,0,5,0
1484,719,21.41,21.410000,26493.250000,20820.863598,14171110433312738655,null,0,5,0
1485,725,23.61,23.610000,26843.970000,20506.310099,15315719021042507495,null,0,5,0
1486,732,18.15,18.150000,25447.240000,20828.250627,11724316009778037821,null,0,5,0
1487,738,18.15,18.150000,25447.240000,20828.250627,14460298408940701843,null,0,5,0
1488,745,18.15,18.150000,25447.240000,20828.250627,15659719656099165225,null,0,5,0
1489,751,17.47,17.470000,25017.990000,20648.080255,4740739055429172997,null,0,5,0
1490,758,19.02,19.020000,25376.010000,20548.979643,3678965866662813880,null,0,5,0
1491,764,18.15,18.150000,25447.240000,20828.250627,4645463420502182024,null,0,5,0
1492,771,18.15,18.150000,25447.240000,20828.250627,18045672165006924415,null,0,5,0
1493,777,18.14,18.140000,25447.240000,20832.210429,15537631506373879371,null,0,5,0
1494,784,21.69,21.690000,26341.900000,20627.584441,16875807364633530728,null,0,5,0
1495,790,30.93,30.930000,26194.310000,18091.717622,16821052977714418310,null,0,5,0
1496,796,18.15,18.150000,25447.240000,20828.250627,8282955765044229607,null,0,5,0
1497,802,21.75,21.750000,26426.920000,20678.353912,2480502452317719757,null,0,5,0
1498,808,18.15,18.150000,25447.240000,20828.250627,11028203860027599899,null,0,5,0
1499,699,16.3,16.300000,24544.200000,20543.300000,1919665592699266492,10,1,5,0
1500,706,16.3,16.300000,24544.200000,20543.300000,10248740549896535586,10,1,5,0
1501,712,16.02,16.020000,24544.200000,20613.500000,16875807364633530729,10,1,5,0
1502,718,17.86,17.860000,24544.200000,20160.900000,12763353832461500582,10,1,5,0
1503,725,16.02,16.020000,24544.200000,20613.500000,11871824411233394087,10,1,5,0
1504,731,16.02,16.020000,24544.200000,20613.500000,16081160762192556090,10,1,5,0
1505,737,16.83,16.830000,24544.200000,20414.600000,11416842931669673096,10,1,5,0
1506,744,16.02,16.020000,24544.200000,20613.500000,2858974582388160583,10,1,5,0
1507,750,16.02,16.020000,24544.200000,20613.500000,3137701240688022051,10,1,5,0
1508,756,16.02,16.020000,24544.200000,20613.500000,2839500978814713573,10,1,5,0
1509,762,16.02,16.020000,24544.200000,20613.500000,2816636379164445813,10,1,5,0
1510,769,16.55,16.550000,24544.200000,20481.300000,3796020574891326676,10,1,5,0
1511,775,17,17.000000,24544.200000,20371.800000,7871624699113277603,10,1,5,0
1512,782,16.02,16.020000,24544.200000,20613.500000,15400194551432893866,10,1,5,0
1513,788,16.55,16.550000,24544.200000,20481.300000,9329615207877653017,10,1,5,0
1514,794,16.02,16.020000,24544.200000,20613.500000,14776667466023089049,10,1,5,0
1515,800,16.02,16.020000,24544.200000,20613.500000,11980049173003805199,10,1,5,0
1516,806,16.02,16.020000,24544.200000,20613.500000,860260185238865161,10,1,5,0
1517,700,44.76,44.760000,26101.300000,14417.800000,1009518830045466547,null,2,5,0
1518,707,45.38,45.380000,25105.300000,13713.400000,11944048779756704525,null,2,5,0
1519,714,44.76,44.760000,26101.300000,14417.800000,12924644333998911541,null,2,5,0
1520,721,44.76,44.760000,26101.300000,14417.800000,14584640436844767317,null,2,5,0
1521,727,44.76,44.760000,26101.300000,14417.800000,15329323803532339249,null,2,5,0
1522,734,44.76,44.760000,26101.300000,14417.800000,17215854803682732280,null,2,5,0
1523,741,47.02,47.020000,26230.300000,13897.900000,7324894501558377068,null,2,5,0
1524,748,44.76,44.760000,26101.300000,14417.800000,17887590693894317747,null,2,5,0
1525,755,44.76,44.760000,26101.300000,14417.800000,3302143055747857143,null,2,5,0
1526,762,46.48,46.480000,26587.900000,14230.600000,8836515526985782557,null,2,5,0
1527,769,28.85,28.850000,25751.300000,18321.600000,3852320697098841442,null,2,5,0
1528,775,28.85,28.850000,25751.300000,18321.600000,11541292530519207855,null,2,5,0
1529,782,29.34,29.340000,26040.000000,18398.700000,9068474328396373166,null,2,5,0
1530,788,28.85,28.850000,25751.300000,18321.600000,11961048849781146522,null,2,5,0
1531,795,28.85,28.850000,25751.300000,18321.600000,162939464223802947,null,2,5,0
1532,801,31.74,31.740000,26712.900000,18233.100000,4379189786063177576,null,2,5,0
1533,807,28.85,28.850000,25751.300000,18321.600000,10590958684592624405,null,2,5,0
1534,813,28.85,28.850000,25751.300000,18321.600000,5877341685199801036,null,2,5,0
1535,700,69.22,69.220000,64309.800000,19794.900000,11000551846351958487,null,3,5,0
1536,707,79.42,79.420000,65471.600000,13472.500000,29104206107253034,null,3,5,0
1537,713,69.22,69.220000,64309.800000,19794.900000,3303809490456179790,null,3,5,0
1538,720,69.22,69.220000,64309.800000,19794.900000,9176147040307666820,null,3,5,0
1539,727,71.09,71.090000,69933.500000,20217.400000,16890081424371587036,null,3,5,0
1540,734,69.52,69.520000,64909.800000,19786.000000,11323391108452535863,null,3,5,0
1541,741,69.22,69.220000,64309.800000,19794.900000,17509196488284051854,null,3,5,0
1542,749,72.71,72.710000,69933.500000,19082.500000,17754181682497370880,null,3,5,0
1543,755,69.22,69.220000,64309.800000,19794.900000,9724753458695781189,null,3,5,0
1544,762,69.22,69.220000,64309.800000,19794.900000,5112034076696780721,null,3,5,0
1545,769,69.22,69.220000,64309.800000,19794.900000,5032015799244836156,null,3,5,0
1546,776,69.22,69.220000,64309.800000,19794.900000,12129704665609921612,null,3,5,0
1547,783,69.22,69.220000,64309.800000,19794.900000,12866992976805811760,null,3,5,0
1548,789,69.22,69.220000,64309.800000,19794.900000,15552590122335722708,null,3,5,0
1549,796,69.22,69.220000,64309.800000,19794.900000,5367193439522559474,null,3,5,0
1550,803,69.22,69.220000,64309.800000,19794.900000,4486943822136812694,null,3,5,0
1551,809,69.6,69.600000,64909.800000,19730.200000,15125603143488943110,null,3,5,0
1552,815,69.22,69.220000,64309.800000,19794.900000,5404817545071755024,null,3,5,0
1553,700,48.05,48.050000,27353.900000,14210.200000,12987004262145460345,null,4,5,0
1554,706,47.96,47.960000,27353.900000,14235.800000,16324439439559665892,null,4,5,0
1555,713,47.96,47.960000,27353.900000,14235.800000,12268377790639613507,null,4,5,0
1556,719,50.68,50.680000,25870.400000,12758.400000,12543217486615100435,null,4,5,0
1557,725,44.14,44.140000,25342.000000,14156.100000,6244265274799073519,null,4,5,0
1558,731,44.14,44.140000,25342.000000,14156.100000,9578241874870643458,null,4,5,0
1559,737,44.14,44.140000,25342.000000,14156.100000,13296503646480974928,null,4,5,0
1560,743,44.14,44.140000,25342.000000,14156.100000,14732360554862719054,null,4,5,0
1561,750,44.14,44.140000,25342.000000,14156.100000,3680850213325782669,null,4,5,0
1562,756,42.41,42.410000,25342.000000,14593.300000,9646682138595023784,null,4,5,0
1563,762,42.41,42.410000,25342.000000,14593.300000,12186293921136585274,null,4,5,0
1564,768,48.63,48.630000,29468.500000,15138.100000,6608447414541565351,null,4,5,0
1565,774,50.92,50.920000,28333.400000,13906.600000,14291213061927595606,null,4,5,0
1566,780,51.17,51.170000,25342.000000,12375.500000,3305208299744006828,null,4,5,0
1567,786,42.41,42.410000,25342.000000,14593.300000,14304502679436891085,null,4,5,0
1568,792,42.41,42.410000,25342.000000,14593.300000,18182284948696193744,null,4,5,0
1569,798,42.41,42.410000,25342.000000,14593.300000,6006052049495773222,null,4,5,0
1570,804,42.41,42.410000,25342.000000,14593.300000,15638679174618162551,null,4,5,0
1571,702,79.63,79.630000,64409.800000,13122.700000,6929928516178809730,null,5,5,0
1572,708,50.96,50.960000,27896.100000,13679.200000,13925608061807532417,null,5,5,0
1573,715,56.58,56.580000,27896.100000,12111.100000,15760796181997723199,null,5,5,0
1574,722,56.2,56.200000,30828.700000,13503.800000,4582126440864030917,null,5,5,0
1575,729,50.96,50.960000,27896.100000,13679.200000,12010774016441763375,null,5,5,0
1576,735,50.96,50.960000,27896.100000,13679.200000,6293459113680114165,null,5,5,0
1577,742,30.49,30.490000,27896.100000,19389.600000,44410579475935504,null,5,5,0
1578,748,34.47,34.470000,29585.200000,19387.300000,4039085182264424552,null,5,5,0
1579,755,30.49,30.490000,27896.100000,19389.600000,11597727171942033796,null,5,5,0
1580,761,30.49,30.490000,27896.100000,19389.600000,15787785032049505222,null,5,5,0
1581,768,30.49,30.490000,27896.100000,19389.600000,14313301061198945225,null,5,5,0
1582,774,46.75,46.750000,27896.100000,14853.800000,10154125018395197178,null,5,5,0
1583,781,30.49,30.490000,27896.100000,19389.600000,10727363892104401978,null,5,5,0
1584,787,30.49,30.490000,27896.100000,19389.600000,9578896883673557198,null,5,5,0
1585,794,36.43,36.430000,27896.100000,17733.500000,4320583426441202448,null,5,5,0
1586,800,69.82,69.820000,60811.900000,18352.400000,3086024185470400993,null,5,5,0
1587,806,32.25,32.250000,28854.400000,19548.000000,6860601438534666548,null,5,5,0
1588,811,68.61,68.610000,63234.700000,19849.500000,7512496242333502785,null,5,5,0
1589,699,73.63,73.630000,69995.100000,18454.500000,14016942842201885518,null,6,5,0
1590,704,73.63,73.630000,69995.100000,18454.500000,10592940003722803089,null,6,5,0
1591,710,73.63,73.630000,69995.100000,18457.100000,12859473674011342366,null,6,5,0
1592,715,73.63,73.630000,69995.100000,18454.500000,1897865105071226476,null,6,5,0
1593,721,73.63,73.630000,69995.100000,18454.500000,16850098704734411634,null,6,5,0
1594,726,73.71,73.710000,69995.100000,18401.300000,8490338416210365994,null,6,5,0
1595,732,73.63,73.630000,69995.100000,18454.500000,17502666297804580789,null,6,5,0
1596,737,73.63,73.630000,69995.100000,18454.500000,5566122202366235684,null,6,5,0
1597,743,73.59,73.590000,69495.100000,18353.900000,8253672149765979475,null,6,5,0
1598,749,73.59,73.590000,69495.100000,18353.900000,18255381706215733582,null,6,5,0
1599,754,73.56,73.560000,69495.100000,18375.300000,11660637268366933536,null,6,5,0
1600,760,73.89,73.890000,69495.100000,18145.200000,2928776273637002956,null,6,5,0
1601,765,73.51,73.510000,69495.100000,18408.100000,7890787887141145065,null,6,5,0
1602,771,73.51,73.510000,69495.100000,18408.100000,10745554016826487487,null,6,5,0
1603,776,73.51,73.510000,69495.100000,18408.100000,8586857088842332092,null,6,5,0
1604,782,73.51,73.510000,69495.100000,18408.100000,5463565181554856529,null,6,5,0
1605,789,76.63,76.630000,69495.100000,16242.000000,3532312263566842885,null,6,5,0
1606,795,73.51,73.510000,69495.100000,18408.100000,16342351888304167589,null,6,5,0
1607,700,43.57,43.570000,28191.900000,15907.600000,14221367693961322599,null,7,5,0
1608,706,74.05,74.050000,63332.900000,16432.500000,11127870461768781104,null,7,5,0
1609,713,43.57,43.570000,28191.900000,15907.600000,6229365766996816742,null,7,5,0
1610,720,43.57,43.570000,28191.900000,15907.600000,6099896620674154828,null,7,5,0
1611,727,43.57,43.570000,28191.900000,15907.600000,16400450208612812639,null,7,5,0
1612,733,41.28,41.280000,26995.600000,15852.600000,1925090771614722999,null,7,5,0
1613,740,41.28,41.280000,26995.600000,15852.600000,14833365225108761699,null,7,5,0
1614,747,74.67,74.670000,63332.900000,16044.000000,16421790760862652809,null,7,5,0
1615,753,41.28,41.280000,26995.600000,15852.600000,15961314231576373173,null,7,5,0
1616,760,41.28,41.280000,26995.600000,15852.600000,9202197405120871935,null,7,5,0
1617,767,74.97,74.970000,63332.900000,15852.600000,9070572141003731242,null,7,5,0
1618,773,48.39,48.390000,29775.000000,15366.100000,16524765302835491838,null,7,5,0
1619,777,76.96,76.960000,69933.500000,16113.400000,8873259082599081381,null,7,5,0
1620,785,38.56,38.560000,26869.500000,16509.000000,4789163723120454804,null,7,5,0
1621,792,36.8,36.800000,25989.800000,16425.700000,14052831741037896939,null,7,5,0
1622,799,36.8,36.800000,25989.800000,16425.700000,7098807476768758954,null,7,5,0
1623,806,43.12,43.120000,28478.500000,16197.600000,15350305582120429373,null,7,5,0
1624,812,39.53,39.530000,25928.900000,15678.700000,4267707960498946985,null,7,5,0
1625,699,89.6,89.600000,46810.800000,4868.510000,8179920291039518412,null,8,5,0
1626,704,89.6,89.600000,46810.800000,4868.510000,6935626203843411483,null,8,5,0
1627,709,89.6,89.600000,46810.800000,4868.510000,17198036794763682893,null,8,5,0
1628,715,89.6,89.600000,46810.800000,4868.510000,17026728741471362900,null,8,5,0
1629,720,89.6,89.600000,46810.800000,4868.510000,16053713732467496855,null,8,5,0
1630,726,89.6,89.600000,46810.800000,4868.510000,1891626445500911874,null,8,5,0
1631,731,89.6,89.600000,46810.800000,4868.510000,1098045118259197999,null,8,5,0
1632,736,87.03,87.030000,46620.600000,6047.170000,11174433223855261640,null,8,5,0
1633,742,87.8,87.800000,49622.600000,6054.910000,4962099133652211705,null,8,5,0
1634,749,67.48,67.480000,27212.500000,8850.060000,3008963976520468670,null,8,5,0
1635,756,73.68,73.680000,38431.000000,10115.500000,10488480263636439289,null,8,5,0
1636,763,67.48,67.480000,27212.500000,8850.060000,17904563205170393549,null,8,5,0
1637,771,67.48,67.480000,27212.500000,8850.060000,17213060852234908157,null,8,5,0
1638,778,67.48,67.480000,27212.500000,8850.060000,8278407816273987635,null,8,5,0
1639,785,67.48,67.480000,27212.500000,8850.060000,16142748992382092608,null,8,5,0
1640,793,66.41,66.410000,26886.700000,9031.080000,14926438213177211422,null,8,5,0
1641,800,66.41,66.410000,26886.700000,9031.080000,5214918705182821594,null,8,5,0
1642,807,66.41,66.410000,26886.700000,9031.080000,13591777462247998329,null,8,5,0
1643,699,74.88,74.880000,63234.700000,15886.500000,16887128758121482651,null,9,5,0
1644,705,27.09,27.090000,27258.800000,19875.000000,4473289434609852293,null,9,5,0
1645,711,27.09,27.090000,27258.800000,19875.000000,10368310627696434754,null,9,5,0
1646,717,27.09,27.090000,27258.800000,19875.000000,11805006609113165803,null,9,5,0
1647,724,27.09,27.090000,27258.800000,19875.000000,1198358869137397023,null,9,5,0
1648,730,27.09,27.090000,27258.800000,19875.000000,3773121180995386925,null,9,5,0
1649,736,27.09,27.090000,27258.800000,19875.000000,9866141184396229874,null,9,5,0
1650,742,27.09,27.090000,27258.800000,19875.000000,11766747040510096332,null,9,5,0
1651,748,27.09,27.090000,27258.800000,19875.000000,17322705564315780915,null,9,5,0
1652,754,42.3,42.300000,34320.800000,19803.200000,15538472225606874754,null,9,5,0
1653,761,41.26,41.260000,33065.400000,19422.100000,4127558396104789434,null,9,5,0
1654,767,68.8,68.800000,62952.700000,19642.400000,2634154584310071742,null,9,5,0
1655,773,27.09,27.090000,27258.800000,19875.000000,4034736308921656663,null,9,5,0
1656,779,28.33,28.330000,27504.500000,19711.700000,3015385037405194238,null,9,5,0
1657,786,42.83,42.830000,34320.800000,19621.100000,2200471365162466441,null,9,5,0
1658,792,25.25,25.250000,26380.600000,19720.500000,9863362326946907816,null,9,5,0
1659,798,37.33,37.330000,31469.700000,19721.000000,17181302797160888833,null,9,5,0
1660,804,28.2,28.200000,27266.800000,19576.500000,600527921984378396,null,9,5,0
1661,699,79.96,79.960000,68050.600000,13636.500000,2795308016322530398,null,10,5,0
1662,704,78.97,78.970000,68050.600000,14309.300000,271657199244706109,null,10,5,0
1663,710,78.97,78.970000,68050.600000,14309.300000,9172645224366583031,null,10,5,0
1664,716,78.96,78.960000,68050.600000,14315.900000,14866285870808047866,null,10,5,0
1665,722,77.28,77.280000,62842.500000,14274.700000,6709724936448342553,null,10,5,0
1666,727,77.28,77.280000,62842.500000,14274.700000,15624974205379011254,null,10,5,0
1667,734,78.99,78.990000,68050.600000,14295.100000,5123622126234053806,null,10,5,0
1668,740,74.16,74.160000,62842.500000,16237.000000,2262738929690809891,null,10,5,0
1669,745,75.88,75.880000,62842.500000,15158.000000,8795532458728601996,null,10,5,0
1670,751,74.16,74.160000,62842.500000,16237.000000,18282664937742414325,null,10,5,0
1671,757,77.56,77.560000,62842.500000,14099.600000,12426134257156621453,null,10,5,0
1672,763,74.16,74.160000,62842.500000,16237.000000,396184715910474903,null,10,5,0
1673,769,74.16,74.160000,62842.500000,16237.000000,11120133392134384621,null,10,5,0
1674,775,76.28,76.280000,68050.600000,16140.900000,1110865207714272165,null,10,5,0
1675,781,74.16,74.160000,62842.500000,16237.000000,232930296048089487,null,10,5,0
1676,787,74.16,74.160000,62842.500000,16237.000000,7713978269763869808,null,10,5,0
1677,793,74.16,74.160000,62842.500000,16237.000000,4192780182411815020,null,10,5,0
1678,799,74.16,74.160000,62842.500000,16237.000000,17355783374017308403,null,10,5,0
1679,700,49.57,49.570000,25050.700000,12634.100000,2186819800470129378,null,11,5,0
1680,707,47.35,47.350000,25069.900000,13200.300000,14000860385627470207,null,11,5,0
1681,714,51.38,51.380000,25612.900000,12452.400000,4384389371414814094,null,11,5,0
1682,721,31.77,31.770000,24954.700000,17025.800000,12619650610152196493,null,11,5,0
1683,728,31.77,31.770000,24954.700000,17025.800000,5349382760156515234,null,11,5,0
1684,735,33.2,33.200000,26118.600000,17446.900000,13623491881995942349,null,11,5,0
1685,742,32.35,32.350000,25590.800000,17311.600000,1155480848867512973,null,11,5,0
1686,749,29.14,29.140000,25034.300000,17738.800000,14959013122081767684,null,11,5,0
1687,756,34.12,34.120000,25895.900000,17060.200000,12947039760005157863,null,11,5,0
1688,762,33.91,33.910000,25304.100000,16723.900000,8333540868018495964,null,11,5,0
1689,769,31.86,31.860000,24975.800000,17017.800000,1423722608493384744,null,11,5,0
1690,776,32.92,32.920000,25737.600000,17263.600000,16450884781519317672,null,11,5,0
1691,782,32.39,32.390000,25229.600000,17058.900000,10974198738972480914,null,11,5,0
1692,789,55.64,55.640000,25783.200000,11437.500000,15515438172976227988,null,11,5,0
1693,796,29.14,29.140000,25034.300000,17738.800000,11350826849296591593,null,11,5,0
1694,803,54.15,54.150000,25249.800000,11577.100000,15848847059767000969,null,11,5,0
1695,809,32.83,32.830000,25288.100000,16986.100000,5179691633950916048,null,11,5,0
1696,815,33.06,33.060000,26516.000000,17748.600000,9006723744440360208,null,11,5,0
1697,698,85.05,85.050000,69933.500000,10451.600000,10447606851736580043,null,12,5,0
1698,703,85.05,85.050000,69933.500000,10451.600000,1061454767724324869,null,12,5,0
1699,708,85.05,85.050000,69933.500000,10451.600000,16969793668559518063,null,12,5,0
1700,713,84.63,84.630000,68050.600000,10456.300000,18243306230886373831,null,12,5,0
1701,718,84.63,84.630000,68050.600000,10456.300000,18092006678448744810,null,12,5,0
1702,723,78.94,78.940000,69833.500000,14703.900000,18417763739031064772,null,12,5,0
1703,728,78.94,78.940000,69833.500000,14703.900000,17740868705771690956,null,12,5,0
1704,733,75.83,75.830000,60811.900000,14697.800000,14157456051914348871,null,12,5,0
1705,739,30.5,30.500000,28575.500000,19859.300000,12024042857060162166,null,12,5,0
1706,744,27.06,27.060000,27052.700000,19732.600000,11617255847531547944,null,12,5,0
1707,749,27.06,27.060000,27052.700000,19732.600000,13822529297847628530,null,12,5,0
1708,755,28.26,28.260000,27655.800000,19839.100000,13650378919461045651,null,12,5,0
1709,761,36.25,36.250000,30490.700000,19437.600000,9144336513383716815,null,12,5,0
1710,766,27.06,27.060000,27052.700000,19732.600000,9347660602908483815,null,12,5,0
1711,771,27.06,27.060000,27052.700000,19732.600000,13740072196690462327,null,12,5,0
1712,777,28.26,28.260000,27655.800000,19839.100000,4995202931933047718,null,12,5,0
1713,782,23.87,23.870000,26330.600000,20045.000000,17528234698493790595,null,12,5,0
1714,788,23.87,23.870000,26330.600000,20045.000000,181104890874005434,null,12,5,0
1715,698,72.46,72.460000,63332.900000,17442.000000,6778690048693928542,null,13,5,0
1716,703,74.68,74.680000,68050.600000,17228.100000,1262166501193378416,null,13,5,0
1717,708,72.46,72.460000,63332.900000,17442.000000,9950611950370249347,null,13,5,0
1718,714,72.46,72.460000,63332.900000,17442.000000,4323337913373978587,null,13,5,0
1719,719,72.46,72.460000,63332.900000,17442.000000,5747631934751205766,null,13,5,0
1720,724,72.46,72.460000,63332.900000,17442.000000,13137078710726232935,null,13,5,0
1721,729,73.29,73.290000,63332.900000,16916.200000,10055830278148069226,null,13,5,0
1722,734,76.25,76.250000,68050.600000,16162.500000,9000545133643789697,null,13,5,0
1723,739,72.46,72.460000,63332.900000,17442.000000,1525633215209487375,null,13,5,0
1724,744,72.46,72.460000,63332.900000,17442.000000,9050529474462788384,null,13,5,0
1725,749,76.45,76.450000,69933.500000,16471.300000,14325773480083882649,null,13,5,0
1726,754,71.44,71.440000,60811.900000,17365.400000,14405763445291908131,null,13,5,0
1727,759,71.44,71.440000,60811.900000,17365.400000,9136008560052580205,null,13,5,0
1728,764,71.44,71.440000,60811.900000,17365.400000,1409923071686019807,null,13,5,0
1729,769,71.44,71.440000,60811.900000,17365.400000,7855497563460184444,null,13,5,0
1730,774,71.29,71.290000,60811.900000,17461.200000,9515193967058887002,null,13,5,0
1731,779,74.01,74.010000,68050.600000,17687.500000,3325314417509179187,null,13,5,0
1732,784,74.22,74.220000,68050.600000,17543.400000,16645646376050093089,null,13,5,0
1733,699,90.83,90.830000,65385.600000,5997.200000,8871224162077146278,null,14,5,0
1734,706,90.83,90.830000,65385.600000,5997.200000,2781752491505088711,null,14,5,0
1735,712,90.83,90.830000,65385.600000,5997.200000,1887484157442175672,null,14,5,0
1736,718,90.83,90.830000,65385.600000,5997.200000,18072532792382201895,null,14,5,0
1737,724,78.07,78.070000,69995.200000,15349.500000,4224366658660924791,null,14,5,0
1738,730,77.82,77.820000,69995.200000,15523.600000,6876914159914928998,null,14,5,0
1739,737,73.94,73.940000,69995.200000,18237.300000,1733574722253256886,null,14,5,0
1740,745,73.94,73.940000,69995.200000,18237.300000,15366160273298085576,null,14,5,0
1741,752,73.94,73.940000,69995.200000,18237.300000,16146136362088679103,null,14,5,0
1742,761,74.3,74.300000,69995.200000,17987.400000,7675592380415768560,null,14,5,0
1743,769,73.94,73.940000,69995.200000,18237.300000,8542630743595135755,null,14,5,0
1744,776,73.95,73.950000,69933.500000,18215.600000,16301953906156859629,null,14,5,0
1745,784,73.94,73.940000,69995.200000,18237.300000,11469511616663371070,null,14,5,0
1746,791,73.94,73.940000,69995.200000,18243.400000,3101992129702107471,null,14,5,0
1747,799,74.03,74.030000,69995.200000,18174.800000,12959333254782326064,null,14,5,0
1748,806,73.94,73.940000,69995.200000,18237.300000,5519037914456284854,null,14,5,0
1749,813,70.56,70.560000,69995.200000,20605.500000,2021530180569003078,null,14,5,0
1750,821,70.56,70.560000,69995.200000,20605.500000,16214718975454465126,null,14,5,0
1751,701,79.98,79.980000,69995.200000,14009.600000,18359888039148739181,null,15,5,0
1752,709,79.98,79.980000,69995.200000,14009.600000,305904200498284296,null,15,5,0
1753,717,77.07,77.070000,62965.000000,14438.600000,14392588673800616923,null,15,5,0
1754,723,71.91,71.910000,69995.200000,19659.400000,17582435942330164518,null,15,5,0
1755,730,71.96,71.960000,69995.200000,19626.000000,17771234406467808435,null,15,5,0
1756,737,71.91,71.910000,69995.200000,19659.400000,6126518552549211261,null,15,5,0
1757,743,71.91,71.910000,69995.200000,19659.400000,3955094119227759962,null,15,5,0
1758,750,71.91,71.910000,69995.200000,19659.400000,7578996637500836561,null,15,5,0
1759,757,71.91,71.910000,69995.200000,19659.400000,11522383214414595749,null,15,5,0
1760,764,72.14,72.140000,69995.200000,19502.400000,4464218902256745412,null,15,5,0
1761,771,71.91,71.910000,69995.200000,19659.400000,12068386569433784407,null,15,5,0
1762,778,71.91,71.910000,69995.200000,19659.400000,362959851493739752,null,15,5,0
1763,785,71.86,71.860000,69933.500000,19677.000000,8884619891580047004,null,15,5,0
1764,791,71.86,71.860000,69933.500000,19677.000000,1269571966401919539,null,15,5,0
1765,799,72.15,72.150000,69933.500000,19479.000000,5520348523352001788,null,15,5,0
1766,807,71.95,71.950000,69933.500000,19618.800000,8806292641957705393,null,15,5,0
1767,815,72.11,72.110000,69933.500000,19501.500000,9157338510280913515,null,15,5,0
1768,821,71.86,71.860000,69933.500000,19677.000000,17816351010792289396,null,15,5,0
1769,828,24.79,24.790000,27397.390000,20604.603611,6292508439067557673,null,0,5,1
1770,834,22.81,22.810000,25875.380000,19974.412676,7648130904483351571,null,0,5,1
1771,840,24.22,24.220000,26348.400000,19965.986631,8468529954293106921,null,0,5,1
1772,828,22.81,22.810000,25875.380000,19974.412676,13079829868366578507,null,1,5,1
1773,834,19.49,19.490000,25941.720000,20885.010650,3103771697295328875,null,1,5,1
1774,840,15.88,15.880000,24960.630000,20996.573452,15152058370496111683,null,1,5,1
1775,828,23.94,23.940000,27431.530000,20863.342424,6762054779595831151,null,2,5,1
1776,834,18.48,18.480000,24960.630000,20347.918133,14661544329829812243,null,2,5,1
1777,828,17.24,17.240000,24960.630000,20657.491702,2210425087275160913,null,3,5,1
1778,835,17.72,17.720000,24960.630000,20537.727869,9254542949756533103,null,3,5,1
1779,828,15.88,15.880000,24960.630000,20996.573452,8318323635097964249,null,4,5,1
1780,834,15.88,15.880000,24960.630000,20996.573452,6548484437029251548,null,4,5,1
1781,828,15.88,15.880000,24960.630000,20996.573452,2296413173614299897,null,5,5,1
1782,834,15.88,15.880000,24960.630000,20996.573452,17311416816450839835,null,5,5,1
1783,828,15.88,15.880000,24960.630000,20996.573452,12308781363629701264,null,6,5,1
1784,834,15.88,15.880000,24960.630000,20996.573452,4342710440090094963,null,6,5,1
1785,828,22.2,22.200000,26640.010000,20726.842452,1312352382784137915,null,7,5,1
1786,834,18.21,18.210000,25313.610000,20703.664927,16724620326516470561,null,7,5,1
1787,828,15.88,15.880000,24960.630000,20996.573452,3503659136628283955,null,8,5,1
1788,834,15.88,15.880000,24960.630000,20996.573452,1117802084288920857,null,8,5,1
1789,828,15.88,15.880000,24960.630000,20996.573452,885894664862675850,null,9,5,1
1790,834,15.88,15.880000,24960.630000,20996.573452,10967215385863866803,null,9,5,1
1791,828,15.88,15.880000,24960.630000,20996.573452,17401085719454172743,null,10,5,1
1792,834,15.88,15.880000,24960.630000,20996.573452,6353014783062880728,null,10,5,1
1793,828,15.88,15.880000,24960.630000,20996.573452,13302095444082390144,null,11,5,1
1794,834,15.88,15.880000,24960.630000,20996.573452,16571229118996558377,null,11,5,1
1795,827,15.88,15.880000,24960.630000,20996.573452,18406162025505234405,null,12,5,1
1796,834,15.88,15.880000,24960.630000,20996.573452,16498141511493934815,null,12,5,1
1797,827,15.88,15.880000,24960.630000,20996.573452,4415429680836924690,null,13,5,1
1798,834,15.88,15.880000,24960.630000,20996.573452,464969248089984866,null,13,5,1
1799,827,15.88,15.880000,24960.630000,20996.573452,16966320619913194361,null,14,5,1
1800,834,15.88,15.880000,24960.630000,20996.573452,9607765516093435134,null,14,5,1
1801,827,15.88,15.880000,24960.630000,20996.573452,7376833093460605706,null,15,5,1
1802,834,15.88,15.880000,24960.630000,20996.573452,14418436830357076817,null,15,5,1
1803,848,18.15,18.150000,25447.240000,20828.250627,13326553355532743875,null,0,6,0
1804,854,18.15,18.150000,25447.240000,20828.250627,6399281952156523937,null,0,6,0
1805,860,18.15,18.150000,25447.240000,20828.250627,10248740549896535585,null,0,6,0
1806,867,18.15,18.150000,25447.240000,20828.250627,14496053217843002832,null,0,6,0
1807,873,18.15,18.150000,25447.240000,20828.250627,11905805048377410929,null,0,6,0
1808,882,39.11,39.110000,26194.310000,15949.409885,426159656833687068,null,0,6,0
1809,888,18.15,18.150000,25447.240000,20828.250627,2467312238535465711,null,0,6,0
1810,894,18.15,18.150000,25447.240000,20828.250627,11028203860027599899,null,0,6,0
1811,900,37.2,37.200000,27722.280000,17408.882708,5398769818027112417,null,0,6,0
1812,907,18.1,18.100000,25447.240000,20840.581743,7307029119298892784,null,0,6,0
1813,913,32.48,32.480000,28062.080000,18948.076278,18245806746805673906,null,0,6,0
1814,919,30.93,30.930000,26194.310000,18091.717622,16821052977714418310,null,0,6,0
1815,925,70.16,70.160000,66365.630000,19801.045894,18302952844120553346,null,0,6,0
1816,932,18.15,18.150000,25447.240000,20828.250627,45278750532239969,null,0,6,0
1817,938,20.35,20.350000,25554.380000,20354.883196,3114976823119813724,null,0,6,0
1818,945,18.15,18.150000,25447.240000,20828.250627,6743851571958764052,null,0,6,0
1819,951,18.15,18.150000,25447.240000,20828.250627,14460298408940701843,null,0,6,0
1820,957,18.15,18.150000,25447.240000,20828.250627,3815541341772098382,null,0,6,0
1821,963,20.4,20.400000,25547.250000,20336.347175,5657864053603591366,null,0,6,0
1822,970,18.15,18.150000,25447.240000,20828.250627,17696726610667665366,null,0,6,0
1823,976,18.19,18.190000,25092.200000,20528.137261,3719702284889342514,null,0,6,0
1824,982,18.15,18.150000,25447.240000,20828.250627,6355493446674700412,null,0,6,0
1825,988,20.2,20.200000,25662.830000,20478.196302,12612019373797165383,null,0,6,0
1826,995,18.15,18.150000,25447.240000,20828.250627,8282955765044229607,null,0,6,0
1827,1001,18.15,18.150000,25447.240000,20828.250627,17448868776382415219,null,0,6,0
1828,1007,18.15,18.150000,25447.240000,20828.250627,8950944076922488895,null,0,6,0
1829,1014,19.02,19.020000,25376.010000,20548.979643,3678965866662813880,null,0,6,0
1830,1020,17.93,17.930000,25480.990000,20913.005594,11878488299854354751,null,0,6,0
1831,1026,28.41,28.410000,28062.080000,20090.675288,14280509620229004637,null,0,6,0
1832,1033,18.49,18.490000,25447.240000,20742.432705,13076632661887422382,null,0,6,0
1833,847,16.3,16.300000,24544.200000,20543.300000,1919665592699266492,10,1,6,0
1834,854,18.6,18.600000,24544.200000,19980.000000,16797558094214985666,10,1,6,0
1835,860,16.57,16.570000,24544.200000,20478.400000,6479825201531069875,10,1,6,0
1836,865,20.32,20.320000,24544.200000,19557.600000,17055693814630262782,10,1,6,0
1837,872,16.3,16.300000,24544.200000,20543.300000,13737702668278374541,10,1,6,0
1838,878,15,15.000000,24544.200000,20861.600000,12631018604557027127,10,1,6,0
1839,884,20.9,20.900000,25999.600000,20564.900000,12862863715875189442,10,1,6,0
1840,890,15,15.000000,24544.200000,20861.600000,6746098840653697433,10,1,6,0
1841,897,15,15.000000,24544.200000,20861.600000,11656413865102098255,10,1,6,0
1842,902,14.94,14.940000,24544.200000,20876.800000,2916995751206016508,10,1,6,0
1843,909,14.94,14.940000,24544.200000,20876.800000,16593677339526736172,10,1,6,0
1844,915,14.94,14.940000,24544.200000,20876.800000,10642808966718438425,10,1,6,0
1845,921,15.5,15.500000,24544.200000,20739.300000,2539257570674998887,10,1,6,0
1846,927,14.94,14.940000,24544.200000,20876.800000,1069030641150047187,10,1,6,0
1847,933,14.79,14.790000,24544.200000,20913.900000,18421321179335055306,10,1,6,0
1848,939,15.66,15.660000,24544.200000,20701.500000,7600801446479151205,10,1,6,0
1849,945,14.79,14.790000,24544.200000,20913.900000,1745317402432309209,10,1,6,0
1850,951,19.84,19.840000,24544.200000,19674.100000,15768014632415153635,10,1,6,0
1851,957,14.79,14.790000,24544.200000,20913.900000,6288265376662231867,10,1,6,0
1852,963,16.13,16.130000,24544.200000,20586.100000,3057769955299962853,10,1,6,0
1853,969,14.79,14.790000,24544.200000,20913.900000,17139823919940746926,10,1,6,0
1854,975,26.93,26.930000,24544.200000,17935.200000,8598322091461389362,10,1,6,0
1855,981,14.6,14.600000,24544.200000,20960.900000,7625239861146899723,10,1,6,0
1856,987,27.97,27.970000,24544.200000,17679.900000,11374032955596817497,10,1,6,0
1857,993,14.6,14.600000,24544.200000,20960.900000,14252105263122427748,10,1,6,0
1858,1000,14.6,14.600000,24544.200000,20960.900000,14406883545022289853,10,1,6,0
1859,1006,15.48,15.480000,24544.200000,20743.900000,18406455142846835255,10,1,6,0
1860,1012,17.28,17.280000,24544.200000,20302.000000,6726522971307334219,10,1,6,0
1861,1019,14.85,14.850000,24544.200000,20899.700000,4664105018245304007,10,1,6,0
1862,1025,17.26,17.260000,24544.200000,20308.200000,9379214444819065912,10,1,6,0
1863,848,81.62,81.620000,65385.600000,12017.200000,3245525588968239677,null,2,6,0
1864,854,81.62,81.620000,65385.600000,12017.200000,11135955518169515195,null,2,6,0
1865,861,80.99,80.990000,65340.600000,12423.300000,8468535131738273959,null,2,6,0
1866,868,80.88,80.880000,65340.600000,12492.000000,17451529933718657311,null,2,6,0
1867,876,79.98,79.980000,65340.600000,13083.600000,2742233882445576920,null,2,6,0
1868,883,80.72,80.720000,65426.600000,12611.100000,15666497697428702725,null,2,6,0
1869,891,79.96,79.960000,65338.600000,13096.000000,5339161408910033832,null,2,6,0
1870,898,81.38,81.380000,69933.500000,13018.800000,10695416418954414850,null,2,6,0
1871,905,81.97,81.970000,69966.500000,12611.900000,18139084467160721193,null,2,6,0
1872,912,79.96,79.960000,65338.600000,13096.000000,10836063763875083038,null,2,6,0
1873,919,81.97,81.970000,69966.500000,12611.900000,7264840954397421311,null,2,6,0
1874,927,81.65,81.650000,69933.500000,12831.600000,11517780482467131975,null,2,6,0
1875,934,79.96,79.960000,65338.600000,13096.000000,7514870555624838573,null,2,6,0
1876,942,79.96,79.960000,65338.600000,13096.000000,4727544353871485309,null,2,6,0
1877,950,81.25,81.250000,69933.500000,13110.700000,11317276997325570819,null,2,6,0
1878,957,82.82,82.820000,69933.500000,12016.900000,14635607408806460310,null,2,6,0
1879,964,79.96,79.960000,65338.600000,13096.000000,12648258728978979959,null,2,6,0
1880,972,42.99,42.990000,26016.800000,14832.000000,14763538945585469920,null,2,6,0
1881,980,42.99,42.990000,26016.800000,14832.000000,13809071275149074042,null,2,6,0
1882,987,45.17,45.170000,27498.600000,15078.700000,17015228487184405100,null,2,6,0
1883,995,42.99,42.990000,26016.800000,14832.000000,15691863825618269683,null,2,6,0
1884,1003,42.99,42.990000,26016.800000,14832.000000,9996106129503667286,null,2,6,0
1885,1010,42.99,42.990000,26016.800000,14832.000000,17253273932195973089,null,2,6,0
1886,1018,44.34,44.340000,26446.000000,14719.600000,6200208896805157068,null,2,6,0
1887,1025,47.58,47.580000,27837.800000,14591.300000,2280223841734277593,null,2,6,0
1888,1032,44.62,44.620000,26567.800000,14712.900000,14831607903144659609,null,2,6,0
1889,1039,44.99,44.990000,26354.100000,14498.200000,14760948880116765713,null,2,6,0
1890,1046,49.1,49.100000,27363.800000,13927.800000,17590527638390560109,null,2,6,0
1891,1054,44.86,44.860000,26951.300000,14861.300000,4475491143730646001,null,2,6,0
1892,1061,48.03,48.030000,27717.300000,14404.800000,17271766152125247838,null,2,6,0
1893,849,71.01,71.010000,66395.200000,19249.800000,293363792915042644,null,3,6,0
1894,857,71.01,71.010000,66395.200000,19249.800000,7827858539889630787,null,3,6,0
1895,865,71.01,71.010000,66395.200000,19249.800000,11604097953572872632,null,3,6,0
1896,873,71.01,71.010000,66395.200000,19249.800000,8619140063030148751,null,3,6,0
1897,881,72.71,72.710000,69966.500000,19097.000000,4752606733460588579,null,3,6,0
1898,888,71.01,71.010000,66395.200000,19249.800000,17855759733565702836,null,3,6,0
1899,896,70.8,70.800000,66395.200000,19387.800000,14487668072991814453,null,3,6,0
1900,904,71.6,71.600000,66395.200000,18855.100000,14276222988668104770,null,3,6,0
1901,912,70.8,70.800000,66395.200000,19387.800000,13990188062678378263,null,3,6,0
1902,919,70.8,70.800000,66395.200000,19387.800000,15694670061335228896,null,3,6,0
1903,926,71.18,71.180000,66395.200000,19133.200000,1030786912269855311,null,3,6,0
1904,934,70.81,70.810000,66395.200000,19380.400000,7277576486224245699,null,3,6,0
1905,942,71.24,71.240000,66395.200000,19094.000000,9742120501754682210,null,3,6,0
1906,950,70.8,70.800000,66395.200000,19387.800000,2374139784743215939,null,3,6,0
1907,957,70.8,70.800000,66395.200000,19387.800000,16455241629556582106,null,3,6,0
1908,965,70.8,70.800000,66395.200000,19387.800000,5892055265547706202,null,3,6,0
1909,973,71.12,71.120000,66395.200000,19178.200000,5110683717457374803,null,3,6,0
1910,980,70.8,70.800000,66395.200000,19387.800000,11295012217089446647,null,3,6,0
1911,988,73.74,73.740000,65895.200000,17303.800000,12337392033341685226,null,3,6,0
1912,996,70.8,70.800000,66395.200000,19387.800000,13516595681354670664,null,3,6,0
1913,1004,71.31,71.310000,66395.200000,19051.200000,1229505672993110881,null,3,6,0
1914,1011,73.3,73.300000,65895.200000,17595.700000,3309820770463153019,null,3,6,0
1915,1018,27.79,27.790000,26447.600000,19097.400000,1700468814615088860,null,3,6,0
1916,1025,49.72,49.720000,26447.600000,13297.300000,8543258821602356128,null,3,6,0
1917,1032,29.78,29.780000,26447.600000,18570.300000,2385738992599014809,null,3,6,0
1918,1039,32.92,32.920000,27981.100000,18769.300000,15230575535415513139,null,3,6,0
1919,1045,26.56,26.560000,26749.300000,19645.100000,13165472540981774838,null,3,6,0
1920,1050,26.26,26.260000,26749.300000,19725.300000,3987807635443409664,null,3,6,0
1921,1056,26.26,26.260000,26749.300000,19725.300000,5868729748535226488,null,3,6,0
1922,1061,26.26,26.260000,26749.300000,19725.300000,8849330080856173776,null,3,6,0
1923,849,90.11,90.110000,63293.400000,6260.830000,3332954274507681105,null,4,6,0
1924,857,88.28,88.280000,63293.400000,7415.190000,2535641184563669280,null,4,6,0
1925,865,88.28,88.280000,63293.400000,7415.190000,9289783133587941184,null,4,6,0
1926,873,88.28,88.280000,63293.400000,7415.190000,1300333473716890267,null,4,6,0
1927,881,88.28,88.280000,63293.400000,7415.190000,16149582412850612101,null,4,6,0
1928,889,88.28,88.280000,63293.400000,7415.190000,16706945473100012820,null,4,6,0
1929,897,90.11,90.110000,63293.400000,6259.500000,17956439304372996932,null,4,6,0
1930,905,86.31,86.310000,63293.400000,8664.040000,16956543700313106882,null,4,6,0
1931,913,86.31,86.310000,63293.400000,8664.040000,4996277515148969859,null,4,6,0
1932,919,65.31,65.310000,26546.200000,9208.210000,9567314668354531585,null,4,6,0
1933,925,65.31,65.310000,26546.200000,9208.210000,3225098399958961936,null,4,6,0
1934,931,65.31,65.310000,26546.200000,9208.210000,14410060581676441558,null,4,6,0
1935,937,65.31,65.310000,26546.200000,9208.210000,10520285101685035720,null,4,6,0
1936,943,65.31,65.310000,26546.200000,9208.210000,10003086396915148774,null,4,6,0
1937,949,65.31,65.310000,26546.200000,9208.210000,4822136622362935012,null,4,6,0
1938,955,65.31,65.310000,26546.200000,9208.210000,4354000750053745750,null,4,6,0
1939,961,54.2,54.200000,26546.200000,12157.800000,827520397382777234,null,4,6,0
1940,967,54.2,54.200000,26546.200000,12157.800000,12519025682539118827,null,4,6,0
1941,973,54.2,54.200000,26546.200000,12157.800000,11664779614059782009,null,4,6,0
1942,979,54.2,54.200000,26546.200000,12157.800000,416304095684789422,null,4,6,0
1943,985,54.2,54.200000,26546.200000,12157.800000,1134632453866119934,null,4,6,0
1944,992,54.2,54.200000,26546.200000,12157.800000,7846522074912091804,null,4,6,0
1945,998,54.2,54.200000,26546.200000,12157.800000,3890488469285649489,null,4,6,0
1946,1004,52.15,52.150000,26546.200000,12703.100000,11020118269985683225,null,4,6,0
1947,1010,54.94,54.940000,26066.500000,11744.400000,11458110476940908825,null,4,6,0
1948,1016,41.94,41.940000,26546.200000,15413.900000,12901387367330845074,null,4,6,0
1949,1022,42.58,42.580000,26546.200000,15243.600000,8239688537681625355,null,4,6,0
1950,1028,43.54,43.540000,26546.200000,14986.800000,1638914882489081489,null,4,6,0
1951,1034,41.94,41.940000,26546.200000,15413.900000,5608465226634508547,null,4,6,0
1952,1040,40.63,40.630000,25692.300000,15252.700000,11656304897753229874,null,4,6,0
1953,848,74.56,74.560000,69966.400000,17797.200000,1082189373938459817,null,5,6,0
1954,854,74.63,74.630000,69966.400000,17748.400000,3562855716321959186,null,5,6,0
1955,861,86.9,86.900000,69966.400000,9166.840000,16971166517635372292,null,5,6,0
1956,867,74.56,74.560000,69966.400000,17797.200000,9100497055330899468,null,5,6,0
1957,873,74.56,74.560000,69966.400000,17797.200000,13561939711976177660,null,5,6,0
1958,879,74.5,74.500000,69966.400000,17843.700000,7514887025253955158,null,5,6,0
1959,886,74.73,74.730000,69966.400000,17678.700000,16912959716535699377,null,5,6,0
1960,892,74.5,74.500000,69966.400000,17843.700000,15664702343244153910,null,5,6,0
1961,898,74.5,74.500000,69966.400000,17843.700000,15957504828811188976,null,5,6,0
1962,905,75.76,75.760000,69966.400000,16962.600000,9172496525422671172,null,5,6,0
1963,911,74.5,74.500000,69966.400000,17843.700000,3392248333714295112,null,5,6,0
1964,917,74.5,74.500000,69966.400000,17843.700000,12285945406820507465,null,5,6,0
1965,924,74.5,74.500000,69966.400000,17844.900000,16735945947165154310,null,5,6,0
1966,930,74.58,74.580000,69966.400000,17785.400000,14820019682333011301,null,5,6,0
1967,935,83.24,83.240000,69966.400000,11724.500000,8401266805187656038,null,5,6,0
1968,941,74.5,74.500000,69966.400000,17843.700000,5166646398001455587,null,5,6,0
1969,948,74.5,74.500000,69966.400000,17843.700000,15621337909359313430,null,5,6,0
1970,954,74.5,74.500000,69966.400000,17843.700000,149308792707169624,null,5,6,0
1971,960,74.49,74.490000,69966.400000,17848.900000,6066452563480584919,null,5,6,0
1972,967,73.04,73.040000,69495.100000,18734.800000,11290264068531690975,null,5,6,0
1973,975,73.04,73.040000,69495.100000,18734.800000,18237933894254786569,null,5,6,0
1974,982,73.04,73.040000,69495.100000,18734.800000,18398572090216779970,null,5,6,0
1975,990,73.04,73.040000,69495.100000,18734.800000,3531701733057856029,null,5,6,0
1976,997,73.19,73.190000,69995.100000,18762.800000,6513302497002957750,null,5,6,0
1977,1005,73.21,73.210000,69933.500000,18734.300000,14217824244552344414,null,5,6,0
1978,1012,73.04,73.040000,69495.100000,18734.800000,15818828060160993154,null,5,6,0
1979,1020,73.04,73.040000,69495.100000,18734.800000,3857022292870226835,null,5,6,0
1980,1027,73.04,73.040000,69495.100000,18734.800000,5503222964814450998,null,5,6,0
1981,1034,73.04,73.040000,69495.100000,18734.800000,13393188929746275963,null,5,6,0
1982,1041,73.09,73.090000,69495.100000,18698.300000,5723342923715791966,null,5,6,0
1983,848,18.78,18.780000,25654.700000,20836.900000,10305201251710877571,null,6,6,0
1984,854,18.78,18.780000,25654.700000,20836.900000,16682367672185194147,null,6,6,0
1985,860,18.7,18.700000,25628.900000,20836.800000,7295027607422094298,null,6,6,0
1986,866,41.23,41.230000,26817.000000,15759.600000,16816957214516603400,null,6,6,0
1987,873,27.33,27.330000,28582.000000,20770.300000,5299134444178380915,null,6,6,0
1988,879,18.7,18.700000,25628.900000,20836.800000,12397962634644332016,null,6,6,0
1989,885,18.7,18.700000,25628.900000,20836.800000,14728300377962317204,null,6,6,0
1990,891,20.67,20.670000,26345.800000,20900.200000,8130668149390377175,null,6,6,0
1991,898,18.71,18.710000,25693.600000,20887.500000,17357422099789027966,null,6,6,0
1992,904,18.7,18.700000,25628.900000,20836.800000,1326091463310970231,null,6,6,0
1993,910,21.81,21.810000,26781.800000,20941.600000,4395127357648584168,null,6,6,0
1994,917,24.39,24.390000,27669.500000,20922.100000,5569264046049161821,null,6,6,0
1995,923,17.3,17.300000,25388.500000,20995.500000,6719492114037290240,null,6,6,0
1996,929,21.69,21.690000,26503.000000,20754.000000,14513906493571800949,null,6,6,0
1997,935,17.3,17.300000,25388.500000,20995.500000,15992220269739371784,null,6,6,0
1998,942,20.3,20.300000,26331.800000,20985.300000,8572359013125887293,null,6,6,0
1999,948,17.3,17.300000,25388.500000,20995.500000,11310700739645549919,null,6,6,0
2000,953,71.02,71.020000,70499.200000,20428.100000,1095458634328709460,null,6,6,0
2001,959,17.3,17.300000,25388.500000,20995.500000,12227178290489738713,null,6,6,0
2002,965,17.3,17.300000,25388.500000,20995.500000,17163982975681428726,null,6,6,0
2003,972,24.04,24.040000,27530.200000,20910.800000,6396398717804656967,null,6,6,0
2004,978,17.3,17.300000,25388.500000,20995.500000,14641790083654936901,null,6,6,0
2005,984,17.3,17.300000,25388.500000,20995.500000,18010209506950580787,null,6,6,0
2006,991,27.59,27.590000,28585.500000,20699.200000,8082900506160877090,null,6,6,0
2007,997,17.3,17.300000,25388.500000,20995.500000,15926171217086591196,null,6,6,0
2008,1003,22.08,22.080000,26927.600000,20983.100000,13244530522102096919,null,6,6,0
2009,1009,36.67,36.670000,29233.900000,18515.100000,9129620621384970355,null,6,6,0
2010,1016,17.3,17.300000,25388.500000,20995.500000,13035332830082101887,null,6,6,0
2011,1022,19.56,19.560000,26168.000000,21049.900000,3024937148050978706,null,6,6,0
2012,1028,19.65,19.650000,25998.000000,20890.700000,8398946881859447429,null,6,6,0
2013,848,48.29,48.290000,27695.800000,14322.100000,5550789046333017045,null,7,6,0
2014,855,48.29,48.290000,27695.800000,14322.100000,10953095707213300477,null,7,6,0
2015,862,48.29,48.290000,27695.800000,14322.100000,10767903706842774467,null,7,6,0
2016,869,52.17,52.170000,27263.100000,13038.900000,14994967795369198304,null,7,6,0
2017,876,48.29,48.290000,27695.800000,14322.100000,4411643007885808213,null,7,6,0
2018,882,47.34,47.340000,25276.000000,13310.100000,8524557959517305466,null,7,6,0
2019,889,47.34,47.340000,25276.000000,13310.100000,1937942364312063959,null,7,6,0
2020,896,52.53,52.530000,26437.600000,12550.900000,15514875978268535571,null,7,6,0
2021,903,47.34,47.340000,25276.000000,13310.100000,13647536164064903001,null,7,6,0
2022,909,47.34,47.340000,25276.000000,13310.100000,2154302537288968868,null,7,6,0
2023,916,50.97,50.970000,26469.000000,12978.900000,2393590893437458874,null,7,6,0
2024,923,46.96,46.960000,25415.400000,13479.800000,2202195818648809867,null,7,6,0
2025,932,80.93,80.930000,60116.100000,11461.500000,12112337976783204705,null,7,6,0
2026,939,49.43,49.430000,24915.800000,12599.100000,14473843412897315711,null,7,6,0
2027,946,44.1,44.100000,24941.800000,13941.300000,11340667517883017848,null,7,6,0
2028,953,44.1,44.100000,24941.800000,13941.300000,12965456927929152285,null,7,6,0
2029,959,51.15,51.150000,27257.600000,13314.200000,16781425160399326548,null,7,6,0
2030,965,47.43,47.430000,25506.100000,13408.300000,18417111267145329866,null,7,6,0
2031,972,44.1,44.100000,24941.800000,13941.300000,18422695471857614782,null,7,6,0
2032,979,48.34,48.340000,25968.900000,13415.300000,12643590421134378137,null,7,6,0
2033,985,44.1,44.100000,24941.800000,13941.300000,2748308249170583469,null,7,6,0
2034,992,44.1,44.100000,24941.800000,13941.300000,11993128924342636515,null,7,6,0
2035,999,45.66,45.660000,25055.200000,13615.700000,8196184931586342576,null,7,6,0
2036,1006,50,50.000000,27649.100000,13823.700000,16462055307199976434,null,7,6,0
2037,1013,52.31,52.310000,27314.400000,13026.800000,12629139637751650573,null,7,6,0
2038,1020,46.82,46.820000,25548.600000,13585.900000,10320990670899165833,null,7,6,0
2039,1026,48.74,48.740000,25021.000000,12824.700000,15147370612356263219,null,7,6,0
2040,1033,51.98,51.980000,27345.600000,13131.400000,17020168475345044276,null,7,6,0
2041,1039,44.1,44.100000,24941.800000,13941.300000,1264116484046285799,null,7,6,0
2042,1045,54.62,54.620000,26494.800000,12022.500000,15721544716938110688,null,7,6,0
2043,848,63.84,63.840000,25628.600000,9267.790000,8665548668171733980,null,8,6,0
2044,855,65.42,65.420000,26255.400000,9078.610000,4992224620765315020,null,8,6,0
2045,861,62.71,62.710000,26074.000000,9724.170000,8337233756571137847,null,8,6,0
2046,868,55.46,55.460000,25118.800000,11187.300000,8326534347366655561,null,8,6,0
2047,875,55.46,55.460000,25118.800000,11187.300000,3447761880682242226,null,8,6,0
2048,882,60.78,60.780000,25583.900000,10034.800000,8283309387688182388,null,8,6,0
2049,889,56.45,56.450000,25711.700000,11196.800000,7578600528617639490,null,8,6,0
2050,896,55.48,55.480000,25126.000000,11187.300000,13198775210372144062,null,8,6,0
2051,903,55.46,55.460000,25118.800000,11187.300000,6156541006680528874,null,8,6,0
2052,910,55.46,55.460000,25118.800000,11187.300000,7036115015832693351,null,8,6,0
2053,917,55.46,55.460000,25118.800000,11187.300000,1334721481605094074,null,8,6,0
2054,924,55.46,55.460000,25118.800000,11187.300000,16036814435584364200,null,8,6,0
2055,931,60.66,60.660000,26083.200000,10261.200000,14494826430961047068,null,8,6,0
2056,938,55.46,55.460000,25118.800000,11187.300000,16070286076317934552,null,8,6,0
2057,945,57.97,57.970000,25130.100000,10563.100000,1496316231117510013,null,8,6,0
2058,952,55.46,55.460000,25118.800000,11187.300000,13712652186058263446,null,8,6,0
2059,959,58.55,58.550000,25075.400000,10392.800000,2991028829621686625,null,8,6,0
2060,966,61.04,61.040000,25301.700000,9857.930000,6494187266573404120,null,8,6,0
2061,973,56.45,56.450000,25247.000000,10996.000000,18141243640712518320,null,8,6,0
2062,979,55.46,55.460000,25118.800000,11187.300000,2751600078351703660,null,8,6,0
2063,986,59.52,59.520000,25725.300000,10412.400000,14192569707031073215,null,8,6,0
2064,993,56.95,56.950000,25988.400000,11187.300000,16119769276554626645,null,8,6,0
2065,1001,61.1,61.100000,26687.600000,10380.300000,5778096105871131352,null,8,6,0
2066,1008,54.21,54.210000,25207.400000,11541.700000,14495463828338678401,null,8,6,0
2067,1015,54.21,54.210000,25207.400000,11541.700000,17905253274514515014,null,8,6,0
2068,1022,62.95,62.950000,26751.400000,9911.350000,4873609106140647330,null,8,6,0
2069,1029,54.21,54.210000,25207.400000,11541.700000,1315925374873214602,null,8,6,0
2070,1035,54.21,54.210000,25207.400000,11541.700000,5087086345903067401,null,8,6,0
2071,1041,54.21,54.210000,25207.400000,11541.700000,8597672034927740782,null,8,6,0
2072,1048,54.21,54.210000,25207.400000,11541.700000,886005640736740876,null,8,6,0
2073,847,62.9,62.900000,26169.800000,9710.080000,10359293279769887875,null,9,6,0
2074,853,62.9,62.900000,26169.800000,9710.080000,14810001135237355726,null,9,6,0
2075,859,62.9,62.900000,26169.800000,9710.080000,8437310283879762768,null,9,6,0
2076,865,64.51,64.510000,26566.800000,9428.780000,12157417047703213918,null,9,6,0
2077,871,62.66,62.660000,25553.000000,9542.020000,1964007196076056100,null,9,6,0
2078,877,63.24,63.240000,25556.900000,9394.430000,7787308664280013114,null,9,6,0
2079,883,58.62,58.620000,25417.900000,10517.100000,5586716594902921312,null,9,6,0
2080,890,61.39,61.390000,25480.500000,9838.460000,5554049050561199973,null,9,6,0
2081,897,58.62,58.620000,25417.900000,10517.100000,128848248963866658,null,9,6,0
2082,903,58.62,58.620000,25417.900000,10517.100000,5769665007572241562,null,9,6,0
2083,910,58.62,58.620000,25417.900000,10517.100000,15687067191765183879,null,9,6,0
2084,916,60.21,60.210000,26268.000000,10451.300000,12813232188717587906,null,9,6,0
2085,923,57.78,57.780000,26169.300000,11047.500000,3555572286555126211,null,9,6,0
2086,930,67.92,67.920000,26829.100000,8607.380000,17917175163251684620,null,9,6,0
2087,936,65.57,65.570000,26280.200000,9047.020000,15303015131303966661,null,9,6,0
2088,942,60.39,60.390000,25249.000000,10001.400000,10202978091092075867,null,9,6,0
2089,949,57.19,57.190000,25733.700000,11016.700000,9276132993392432525,null,9,6,0
2090,955,57.19,57.190000,25733.700000,11016.700000,1976449702953582402,null,9,6,0
2091,961,56.97,56.970000,25464.200000,10956.100000,9334171358795339223,null,9,6,0
2092,967,59.57,59.570000,25271.300000,10217.500000,12293164395144405703,null,9,6,0
2093,973,56.97,56.970000,25464.200000,10956.100000,6012397102472532480,null,9,6,0
2094,979,58.85,58.850000,25581.000000,10527.000000,10570473544832343928,null,9,6,0
2095,985,58.44,58.440000,26077.300000,10836.500000,4132004348218453426,null,9,6,0
2096,991,56.97,56.970000,25464.200000,10956.100000,17359081558117803114,null,9,6,0
2097,997,57.44,57.440000,26231.400000,11164.700000,2749386610217108079,null,9,6,0
2098,1003,40.47,40.470000,26364.500000,15694.000000,2869713769352716032,null,9,6,0
2099,1009,43.73,43.730000,26948.900000,15165.200000,14496511748796064227,null,9,6,0
2100,1015,51.96,51.960000,28177.000000,13535.600000,2062120244868823804,null,9,6,0
2101,1022,38.18,38.180000,25451.800000,15734.600000,9217492286905565433,null,9,6,0
2102,1028,39.63,39.630000,26135.200000,15778.500000,3084035644011274291,null,9,6,0
2103,849,69.81,69.810000,27510.700000,8305.270000,204188030069505122,null,10,6,0
2104,858,70.39,70.390000,29573.300000,8755.570000,14128132572562362433,null,10,6,0
2105,866,69.81,69.810000,27510.700000,8305.270000,16299769268693050082,null,10,6,0
2106,874,69.81,69.810000,27510.700000,8305.270000,17306983637389812961,null,10,6,0
2107,882,69.81,69.810000,27510.700000,8305.270000,15083769847712143971,null,10,6,0
2108,890,69.81,69.810000,27510.700000,8305.270000,17398534461752167034,null,10,6,0
2109,898,69.81,69.810000,27510.700000,8305.270000,715521958878362149,null,10,6,0
2110,906,69.73,69.730000,27234.600000,8244.570000,430275956826862581,null,10,6,0
2111,914,69.73,69.730000,27234.600000,8244.570000,12842018089663683413,null,10,6,0
2112,922,73.14,73.140000,29484.700000,7918.180000,12962908012856496373,null,10,6,0
2113,930,69.73,69.730000,27234.600000,8244.570000,18198096179505405732,null,10,6,0
2114,938,69.73,69.730000,27234.600000,8244.570000,17504441670740477745,null,10,6,0
2115,945,69.73,69.730000,27234.600000,8244.570000,14774994650351267796,null,10,6,0
2116,952,74.86,74.860000,25491.200000,6407.670000,16496047969712469021,null,10,6,0
2117,961,63.06,63.060000,26531.300000,9801.710000,2385740784135481768,null,10,6,0
2118,969,63.06,63.060000,26531.300000,9801.710000,7376108809401058150,null,10,6,0
2119,976,67.3,67.300000,30215.400000,9880.190000,17016669997882370396,null,10,6,0
2120,985,63.06,63.060000,26531.300000,9801.710000,11279881158075035006,null,10,6,0
2121,992,53.32,53.320000,26531.300000,12385.100000,14494359505706258199,null,10,6,0
2122,998,53.32,53.320000,26531.300000,12385.100000,17985326225547029524,null,10,6,0
2123,1006,81.22,81.220000,65895.200000,12373.500000,14145755625563193063,null,10,6,0
2124,1015,54.19,54.190000,26531.300000,12154.900000,6273895643637624425,null,10,6,0
2125,1022,53.32,53.320000,26531.300000,12385.100000,9020013485131235495,null,10,6,0
2126,1028,53.32,53.320000,26531.300000,12385.100000,5834922326482623810,null,10,6,0
2127,1034,53.32,53.320000,26531.300000,12385.100000,15623340353557275862,null,10,6,0
2128,1041,53.32,53.320000,26531.300000,12385.100000,2337249357863790193,null,10,6,0
2129,1047,53.32,53.320000,26531.300000,12385.100000,4342332327603061385,null,10,6,0
2130,1053,53.32,53.320000,26531.300000,12385.100000,3575840831939785899,null,10,6,0
2131,1060,53.32,53.320000,26531.300000,12385.100000,15592296665944401439,null,10,6,0
2132,1068,58,58.000000,25392.100000,10665.500000,5612207264567530547,null,10,6,0
2133,848,20,20.000000,25285.100000,20229.000000,10005692730476030379,null,11,6,0
2134,854,20,20.000000,25285.100000,20229.000000,6339499446629146978,null,11,6,0
2135,860,23.72,23.720000,25926.900000,19778.100000,7400529690151574963,null,11,6,0
2136,866,20,20.000000,25285.100000,20229.000000,783227928801608971,null,11,6,0
2137,873,20,20.000000,25285.100000,20229.000000,17357233890597197050,null,11,6,0
2138,879,20,20.000000,25285.100000,20229.000000,4755660613721966937,null,11,6,0
2139,885,20,20.000000,25285.100000,20229.000000,17807274277542400543,null,11,6,0
2140,891,20,20.000000,25285.100000,20229.000000,14912644864869550394,null,11,6,0
2141,897,22.64,22.640000,25949.800000,20074.000000,6544019882726756064,null,11,6,0
2142,904,25.12,25.120000,26419.400000,19781.500000,13291480312525881580,null,11,6,0
2143,910,20,20.000000,25285.100000,20229.000000,2369534283243005164,null,11,6,0
2144,916,20,20.000000,25285.100000,20229.000000,129721832664644128,null,11,6,0
2145,923,22.94,22.940000,26340.400000,20298.800000,8271789105913074436,null,11,6,0
2146,929,24.35,24.350000,26124.000000,19762.400000,13723512748263579808,null,11,6,0
2147,935,23.35,23.350000,26261.600000,20128.800000,3830686140389289106,null,11,6,0
2148,942,20,20.000000,25285.100000,20229.000000,13989499631916783303,null,11,6,0
2149,948,25.15,25.150000,26560.700000,19880.300000,16114786072360646312,null,11,6,0
2150,954,20,20.000000,25285.100000,20229.000000,506938706975076044,null,11,6,0
2151,960,79.33,79.330000,66258.200000,13695.200000,11332938797555997504,null,11,6,0
2152,966,23.11,23.110000,26239.200000,20176.000000,3245998768461313806,null,11,6,0
2153,972,21.3,21.300000,25117.300000,19766.500000,5101168357122550221,null,11,6,0
2154,978,20,20.000000,25285.100000,20229.000000,17873635853932758523,null,11,6,0
2155,985,21.14,21.140000,25728.700000,20289.100000,9321417539907305757,null,11,6,0
2156,991,25.19,25.190000,26563.900000,19873.600000,15699995874735424678,null,11,6,0
2157,997,22.92,22.920000,26253.200000,20237.100000,14249525165856565857,null,11,6,0
2158,1003,20,20.000000,25285.100000,20229.000000,13557351111727548058,null,11,6,0
2159,1010,22.28,22.280000,26007.600000,20212.500000,29442807927865047,null,11,6,0
2160,1016,21.48,21.480000,25341.500000,19898.100000,14439909556721233859,null,11,6,0
2161,1022,20,20.000000,25285.100000,20229.000000,10041336690088262585,null,11,6,0
2162,1029,25.54,25.540000,26596.900000,19803.000000,10746561695968512957,null,11,6,0
2163,847,75.61,75.610000,25796.700000,6291.100000,14608585217119490100,null,12,6,0
2164,854,75.61,75.610000,25796.700000,6291.100000,2596339420909433380,null,12,6,0
2165,860,75.61,75.610000,25796.700000,6291.100000,7663622132351505705,null,12,6,0
2166,868,76.46,76.460000,25840.900000,6082.250000,14841406275245821674,null,12,6,0
2167,874,71.24,71.240000,25319.000000,7282.370000,6206142455334593632,null,12,6,0
2168,881,50.89,50.890000,26334.400000,12931.900000,1949553262608302269,null,12,6,0
2169,888,51.17,51.170000,26334.400000,12858.600000,1290293955979244410,null,12,6,0
2170,894,56.27,56.270000,26334.400000,11517.100000,8272738100012237578,null,12,6,0
2171,901,43.08,43.080000,25699.800000,14627.400000,13519000904874022692,null,12,6,0
2172,907,30.67,30.670000,26156.600000,18134.100000,12317403994498985010,null,12,6,0
2173,914,30.67,30.670000,26156.600000,18134.100000,3927878237462329500,null,12,6,0
2174,920,27.9,27.900000,25707.100000,18535.900000,4807675071984481791,null,12,6,0
2175,927,27.9,27.900000,25707.100000,18535.900000,8421513024114049882,null,12,6,0
2176,933,27.9,27.900000,25707.100000,18535.900000,16806008124755209111,null,12,6,0
2177,940,27.9,27.900000,25707.100000,18535.900000,3262721119132941915,null,12,6,0
2178,946,29.6,29.600000,25225.700000,17758.100000,5924467814276832090,null,12,6,0
2179,953,32.52,32.520000,26792.600000,18079.500000,16184114080299875336,null,12,6,0
2180,959,27.9,27.900000,25707.100000,18535.900000,17391745327067691657,null,12,6,0
2181,966,30.24,30.240000,26571.000000,18535.900000,13602083300741734628,null,12,6,0
2182,972,28.46,28.460000,25387.100000,18162.400000,11511590487726276182,null,12,6,0
2183,979,31.47,31.470000,25878.000000,17734.500000,6806380752662238393,null,12,6,0
2184,986,27.9,27.900000,25707.100000,18535.900000,9710520866537916409,null,12,6,0
2185,992,32.36,32.360000,26868.300000,18174.300000,12858480316056479659,null,12,6,0
2186,999,35.57,35.570000,26166.600000,16860.500000,3737816079874459457,null,12,6,0
2187,1005,27.9,27.900000,25707.100000,18535.900000,9462755901031734234,null,12,6,0
2188,1012,30.19,30.190000,26183.400000,18279.000000,9312574687830604467,null,12,6,0
2189,1018,32.58,32.580000,26587.700000,17926.600000,17394638840020006313,null,12,6,0
2190,1025,24.54,24.540000,24837.700000,18741.800000,3438752095248474541,null,12,6,0
2191,1031,32.09,32.090000,27155.700000,18440.500000,3618175684585247201,null,12,6,0
2192,1038,33.36,33.360000,27531.700000,18347.900000,4184837068835207219,null,12,6,0
2193,848,66.44,66.440000,49417.300000,16585.200000,17416032362432739114,null,13,6,0
2194,854,78.6,78.600000,65680.700000,14054.000000,6920083605150372912,null,13,6,0
2195,861,76.35,76.350000,65788.200000,15556.100000,13479176215718784012,null,13,6,0
2196,867,66.44,66.440000,49417.300000,16585.200000,8727457589101980507,null,13,6,0
2197,874,66.44,66.440000,49417.300000,16585.200000,8349080718368963357,null,13,6,0
2198,880,57.61,57.610000,29059.400000,12318.600000,8968085672043672668,null,13,6,0
2199,886,82.25,82.250000,61436.100000,10906.600000,4906057398003397634,null,13,6,0
2200,892,81.43,81.430000,65788.200000,12219.900000,11355701173967308608,null,13,6,0
2201,897,56.18,56.180000,27943.200000,12244.800000,14337504423527932319,null,13,6,0
2202,903,60.4,60.400000,28613.700000,11332.300000,13672251985273536831,null,13,6,0
2203,909,56.18,56.180000,27943.200000,12244.800000,4994847524784592907,null,13,6,0
2204,915,56.18,56.180000,27943.200000,12244.800000,16040982736298617054,null,13,6,0
2205,922,66.44,66.440000,49417.300000,16585.200000,15352829757473036373,null,13,6,0
2206,928,56.18,56.180000,27943.200000,12244.800000,7846548931102061243,null,13,6,0
2207,934,63.53,63.530000,29317.900000,10691.900000,12319389931999983178,null,13,6,0
2208,940,56.18,56.180000,27943.200000,12244.800000,2502510805524172339,null,13,6,0
2209,945,56.18,56.180000,27943.200000,12244.800000,10479431925172788434,null,13,6,0
2210,952,76.98,76.980000,65788.200000,15147.300000,2705048326435015716,null,13,6,0
2211,958,59.26,59.260000,27063.900000,11025.000000,16681968148083156028,null,13,6,0
2212,965,55.58,55.580000,29665.000000,13176.400000,8219322226107233478,null,13,6,0
2213,971,54.96,54.960000,28375.400000,12779.600000,15296646242705725439,null,13,6,0
2214,977,54.96,54.960000,28375.400000,12779.600000,607967143573109385,null,13,6,0
2215,984,54.96,54.960000,28375.400000,12779.600000,2716623410737826435,null,13,6,0
2216,990,54.96,54.960000,28375.400000,12779.600000,17965659840171800084,null,13,6,0
2217,996,54.78,54.780000,28313.700000,12803.000000,12821616481001754811,null,13,6,0
2218,1002,54.78,54.780000,28313.700000,12803.000000,9648129249706217397,null,13,6,0
2219,1009,43.51,43.510000,25992.400000,14683.300000,17602411617100236120,null,13,6,0
2220,1016,50.33,50.330000,28073.800000,13944.700000,9999592309175872251,null,13,6,0
2221,1023,45.46,45.460000,25729.000000,14033.000000,15022487853599809024,null,13,6,0
2222,1029,43.51,43.510000,25992.400000,14683.300000,15315281165464028940,null,13,6,0
2223,851,86.08,86.080000,69966.400000,9740.030000,17765017028387588439,null,14,6,0
2224,861,85.59,85.590000,69966.400000,10080.200000,3691882792093530529,null,14,6,0
2225,870,66.78,66.780000,35231.400000,11702.400000,12966930253980003644,null,14,6,0
2226,880,66.78,66.780000,35231.400000,11702.400000,7293633292993049975,null,14,6,0
2227,890,66.78,66.780000,35231.400000,11702.400000,9485642235343370549,null,14,6,0
2228,900,77.36,77.360000,43775.700000,9911.720000,4851486541503075896,null,14,6,0
2229,909,66.78,66.780000,35231.400000,11702.400000,10033474956964652598,null,14,6,0
2230,919,66.78,66.780000,35231.400000,11702.400000,8624291834102638587,null,14,6,0
2231,929,66.78,66.780000,35231.400000,11702.400000,4302696819246639886,null,14,6,0
2232,938,82.99,82.990000,58995.400000,10035.800000,15559342553517394480,null,14,6,0
2233,948,82.46,82.460000,69933.500000,12263.500000,3657052524821791767,null,14,6,0
2234,958,70.19,70.190000,39253.000000,11702.400000,7366991709139710089,null,14,6,0
2235,968,75.79,75.790000,43245.600000,10468.600000,15192320730099766434,null,14,6,0
2236,977,66.78,66.780000,35231.400000,11702.400000,17983600910349765558,null,14,6,0
2237,987,78.62,78.620000,50080.900000,10708.300000,9282234086342859434,null,14,6,0
2238,997,66.78,66.780000,35231.400000,11702.400000,5556484075044507279,null,14,6,0
2239,1008,87.82,87.820000,33296.100000,4053.860000,12865177155354257585,null,14,6,0
2240,1017,78.88,78.880000,54609.200000,11534.800000,16401707621948710926,null,14,6,0
2241,1027,66.78,66.780000,35231.400000,11702.400000,518667122831218905,null,14,6,0
2242,1037,66.78,66.780000,35231.400000,11702.400000,17604691781861633348,null,14,6,0
2243,1043,69.08,69.080000,37022.400000,11448.100000,3533470480081176861,null,14,6,0
2244,1052,82.89,82.890000,51072.900000,8738.420000,2504513074183214924,null,14,6,0
2245,1062,66.78,66.780000,35231.400000,11702.400000,1579921798824556613,null,14,6,0
2246,1071,79.5,79.500000,51072.900000,10468.400000,10441704278887112599,null,14,6,0
2247,1081,83.79,83.790000,51072.900000,8281.140000,11356990603800237559,null,14,6,0
2248,1091,72.52,72.520000,39035.000000,10728.700000,18295696730788027904,null,14,6,0
2249,1100,70.36,70.360000,51072.900000,15137.900000,6131700020297673880,null,14,6,0
2250,1109,72.41,72.410000,42409.800000,11702.400000,8288560565309055148,null,14,6,0
2251,1119,66.78,66.780000,35231.400000,11702.400000,7443670475741528948,null,14,6,0
2252,1129,66.78,66.780000,35231.400000,11702.400000,14384760947703060168,null,14,6,0
2253,850,91.26,91.260000,69966.400000,6112.840000,16337138508889440432,null,15,6,0
2254,858,91.26,91.260000,69966.400000,6112.840000,1866496519030005671,null,15,6,0
2255,867,91.29,91.290000,69966.400000,6090.610000,13730609033522733144,null,15,6,0
2256,875,91.26,91.260000,69966.400000,6112.840000,8332815119682940924,null,15,6,0
2257,884,91.26,91.260000,69966.400000,6112.840000,2288691157206037386,null,15,6,0
2258,892,91.26,91.260000,69966.400000,6112.550000,10075775807252140892,null,15,6,0
2259,900,91.29,91.290000,69966.400000,6090.610000,5853946941767573705,null,15,6,0
2260,909,91.26,91.260000,69966.400000,6112.840000,18076611367479157186,null,15,6,0
2261,917,91.26,91.260000,69966.400000,6112.840000,331001397746859269,null,15,6,0
2262,926,89.37,89.370000,69966.400000,7434.030000,2670355331623452095,null,15,6,0
2263,935,89.37,89.370000,69966.400000,7434.030000,15086652762057917521,null,15,6,0
2264,943,91.29,91.290000,69966.400000,6090.610000,14483089714767856557,null,15,6,0
2265,952,79.66,79.660000,69966.500000,14229.800000,7972655844848973791,null,15,6,0
2266,960,79.66,79.660000,69966.500000,14229.800000,12743919008646107062,null,15,6,0
2267,969,87.65,87.650000,69966.500000,8641.090000,4986873461604751920,null,15,6,0
2268,977,79.89,79.890000,69966.500000,14068.200000,15297867934529368583,null,15,6,0
2269,985,79.66,79.660000,69966.500000,14229.800000,15658255668690595491,null,15,6,0
2270,993,87.65,87.650000,69966.500000,8641.380000,1213417988524467155,null,15,6,0
2271,1002,79.9,79.900000,69966.500000,14064.000000,3408026847632225210,null,15,6,0
2272,1010,79.66,79.660000,69966.500000,14229.800000,12189410407618383552,null,15,6,0
2273,1016,79.85,79.850000,69966.500000,14101.700000,10289173182665355928,null,15,6,0
2274,1025,90.35,90.350000,69866.400000,6745.300000,349939194863031807,null,15,6,0
2275,1033,79.66,79.660000,69966.500000,14229.800000,2731871393488656109,null,15,6,0
2276,1042,79.87,79.870000,69966.500000,14083.700000,543640024501588562,null,15,6,0
2277,1050,81.57,81.570000,69966.400000,12896.400000,13907291758015812508,null,15,6,0
2278,1058,88.63,88.630000,69966.500000,7954.110000,10910416119505007834,null,15,6,0
2279,1067,79.66,79.660000,69966.500000,14229.800000,9336416996745426063,null,15,6,0
2280,1075,87.65,87.650000,69966.500000,8640.550000,8666186008749132384,null,15,6,0
2281,1084,79.66,79.660000,69966.500000,14229.800000,14836127019545350995,null,15,6,0
2282,1092,79.69,79.690000,69966.500000,14207.300000,9868774950484439486,null,15,6,0
2283,1135,15.88,15.880000,24960.630000,20996.573452,2584434235964644678,null,0,6,1
2284,1132,18.48,18.480000,24960.630000,20347.918133,2628566535957189891,null,1,6,1
2285,1142,20.56,20.560000,25574.460000,20316.653990,8306534809432736471,null,0,7,0
2286,1148,17.65,17.650000,25574.460000,21061.664386,17564931484239309801,null,0,7,0
2287,1154,25.78,25.780000,28060.430000,20825.066586,10771762113693296507,null,0,7,0
2288,1160,19.17,19.170000,25574.460000,20671.087064,17952263530083792169,null,0,7,0
2289,1166,19.17,19.170000,25574.460000,20671.087064,16294046066565925120,null,0,7,0
2290,1172,22.13,22.130000,26509.330000,20643.657264,13959442788582593037,null,0,7,0
2291,1178,18.39,18.390000,25574.460000,20870.587457,18215604606171351431,null,0,7,0
2292,1184,19.17,19.170000,25574.460000,20671.087064,13021668646991108544,null,0,7,0
2293,1190,19.88,19.880000,25574.460000,20491.154870,10037395099673386267,null,0,7,0
2294,1148,17.29,17.290000,24544.200000,20299.600000,18215604606171351480,10,1,7,0
2295,1154,14.6,14.600000,24544.200000,20960.900000,2704841680675354422,10,1,7,0
2296,1160,14.6,14.600000,24544.200000,20960.900000,6688214581379558343,10,1,7,0
2297,1166,14.6,14.600000,24544.200000,20960.900000,10905532958373658962,10,1,7,0
2298,1172,14.6,14.600000,24544.200000,20960.900000,11051721782163681256,10,1,7,0
2299,1178,16.83,16.830000,24544.200000,20414.000000,220897418305055024,10,1,7,0
2300,1184,15.04,15.040000,24544.200000,20852.900000,14254977002423361288,10,1,7,0
2301,1190,46.4,46.400000,24544.200000,13154.800000,5853847865021384327,10,1,7,0
2302,1144,82.52,82.520000,65476.800000,11446.600000,14863627873847979113,null,2,7,0
2303,1151,82.52,82.520000,65476.800000,11446.600000,12997874787828637216,null,2,7,0
2304,1159,82.52,82.520000,65476.800000,11446.600000,8457654065639581860,null,2,7,0
2305,1167,82.53,82.530000,65476.800000,11441.900000,3133430631116159219,null,2,7,0
2306,1174,82.89,82.890000,65476.800000,11200.200000,4999912097825047568,null,2,7,0
2307,1182,82.52,82.520000,65476.800000,11446.600000,3633469270680751930,null,2,7,0
2308,1190,82.89,82.890000,65520.900000,11208.300000,9152295089590145733,null,2,7,0
2309,1197,82.51,82.510000,65476.800000,11453.100000,9785145326789248645,null,2,7,0
2310,1204,83.86,83.860000,65940.200000,10639.800000,13724578858096124500,null,2,7,0
2311,1143,47.29,47.290000,27691.500000,14597.400000,8768411595672423912,null,3,7,0
2312,1150,27.13,27.130000,27516.000000,20051.800000,13728406682520880889,null,3,7,0
2313,1157,27.57,27.570000,27516.000000,19929.400000,10746654828780964817,null,3,7,0
2314,1164,78.95,78.950000,56681.600000,11933.400000,1989109135359829513,null,3,7,0
2315,1175,61.77,61.770000,30243.200000,11561.200000,137828403879938318,null,3,7,0
2316,1181,25.26,25.260000,26167.600000,19558.400000,16947627195016380596,null,3,7,0
2317,1188,24.41,24.410000,25845.300000,19537.100000,3784545914484161530,null,3,7,0
2318,1194,27.54,27.540000,26408.200000,19135.900000,5990212685336129728,null,3,7,0
2319,1200,23.93,23.930000,26412.500000,20091.500000,13313637571235034829,null,3,7,0
2320,1145,63.61,63.610000,28587.300000,10404.000000,10593926601129619380,null,4,7,0
2321,1154,65.33,65.330000,31119.900000,10789.600000,16822561863358860512,null,4,7,0
2322,1163,63.61,63.610000,28587.300000,10404.000000,8383268669070023313,null,4,7,0
2323,1171,63.95,63.950000,28587.300000,10306.900000,5344908841121768359,null,4,7,0
2324,1180,63.61,63.610000,28587.300000,10404.000000,18436969230624413238,null,4,7,0
2325,1188,65.55,65.550000,27200.700000,9370.060000,9146810881190397371,null,4,7,0
2326,1197,63.61,63.610000,28587.300000,10404.000000,7734204357480608651,null,4,7,0
2327,1205,63.61,63.610000,28587.300000,10404.000000,11867838541822016362,null,4,7,0
2328,1214,63.61,63.610000,28587.300000,10404.000000,6868566808745535268,null,4,7,0
2329,1143,31.62,31.620000,28357.100000,19391.300000,10284950835585916312,null,5,7,0
2330,1150,32.98,32.980000,28284.100000,18955.600000,846511364876757464,null,5,7,0
2331,1157,32.07,32.070000,28357.100000,19261.900000,15035837189660185605,null,5,7,0
2332,1164,30.1,30.100000,25721.900000,17979.900000,18371052487428145720,null,5,7,0
2333,1172,34.13,34.130000,25721.900000,16943.900000,15575122623659405,null,5,7,0
2334,1179,30.1,30.100000,25721.900000,17979.900000,3464844969677275116,null,5,7,0
2335,1186,30.1,30.100000,25721.900000,17979.900000,16610879837378129090,null,5,7,0
2336,1193,24.74,24.740000,25721.900000,19358.000000,10521228322579547943,null,5,7,0
2337,1199,25.06,25.060000,27163.400000,20357.500000,14963606917524041489,null,5,7,0
2338,1142,83.21,83.210000,65788.200000,11047.900000,15435315504842431816,null,6,7,0
2339,1147,82.89,82.890000,65833.200000,11266.600000,3271436101460270405,null,6,7,0
2340,1153,82.89,82.890000,65833.200000,11266.600000,16542541806558662166,null,6,7,0
2341,1158,82.89,82.890000,65833.200000,11266.600000,15409857288073432199,null,6,7,0
2342,1163,83.08,83.080000,65833.200000,11138.900000,11589550062372853470,null,6,7,0
2343,1169,82.89,82.890000,65833.200000,11266.600000,7145847877182623935,null,6,7,0
2344,1175,73.93,73.930000,66956.300000,17456.100000,1615231638457527789,null,6,7,0
2345,1182,41.38,41.380000,29455.800000,17268.000000,11937200608426766650,null,6,7,0
2346,1189,41.93,41.930000,29455.800000,17105.800000,3624951698699660334,null,6,7,0
2347,1143,78.8,78.800000,63894.500000,13546.400000,6369941146277677392,null,7,7,0
2348,1151,78.72,78.720000,63894.500000,13596.100000,10874760120931867600,null,7,7,0
2349,1158,80.68,80.680000,69966.500000,13517.600000,12267428140477955389,null,7,7,0
2350,1165,78.1,78.100000,61558.300000,13482.500000,5791011012563662485,null,7,7,0
2351,1172,80.09,80.090000,68080.400000,13556.000000,602942492391918404,null,7,7,0
2352,1179,78.1,78.100000,61558.300000,13482.500000,5385141030174742983,null,7,7,0
2353,1186,78,78.000000,61558.300000,13541.400000,3726278569855638670,null,7,7,0
2354,1194,78.57,78.570000,63894.500000,13693.800000,6077159066901984737,null,7,7,0
2355,1201,78,78.000000,61558.300000,13541.400000,9619328584057894589,null,7,7,0
2356,1144,72.02,72.020000,69933.500000,19568.900000,5924758900670496403,null,8,7,0
2357,1151,72.44,72.440000,69933.500000,19276.200000,6649370233137590321,null,8,7,0
2358,1159,72.02,72.020000,69933.500000,19568.900000,17196901704806382517,null,8,7,0
2359,1167,71.85,71.850000,69933.500000,19686.100000,16049444841698817016,null,8,7,0
2360,1175,71.85,71.850000,69933.500000,19686.100000,8073034518479117401,null,8,7,0
2361,1184,71.85,71.850000,69933.500000,19686.100000,7244310831949669469,null,8,7,0
2362,1192,71.85,71.850000,69933.500000,19686.100000,17648198055370389647,null,8,7,0
2363,1200,72.12,72.120000,69995.100000,19515.800000,6196143659784311643,null,8,7,0
2364,1208,71.85,71.850000,69933.500000,19686.100000,2885159376294037608,null,8,7,0
2365,1143,56.91,56.910000,32221.600000,13885.900000,6417510406836203634,null,9,7,0
2366,1150,56.91,56.910000,32221.600000,13885.900000,9022497244721202803,null,9,7,0
2367,1157,56.91,56.910000,32221.600000,13885.900000,14614314656627398932,null,9,7,0
2368,1164,57.78,57.780000,28319.300000,11955.200000,9103409021977012496,null,9,7,0
2369,1169,81.91,81.910000,65765.600000,11898.700000,2475022357518253971,null,9,7,0
2370,1176,56.91,56.910000,32221.600000,13885.900000,13016071467351797168,null,9,7,0
2371,1183,56.91,56.910000,32221.600000,13885.900000,15429450221051124738,null,9,7,0
2372,1190,56.25,56.250000,27817.700000,12170.600000,4295528819993979126,null,9,7,0
2373,1197,61.8,61.800000,31831.200000,12157.900000,650590557347752223,null,9,7,0
2374,1142,76.66,76.660000,49804.700000,11626.100000,2048445573982391438,null,10,7,0
2375,1148,76.66,76.660000,49804.700000,11626.100000,4423450132690739170,null,10,7,0
2376,1154,59.13,59.130000,28817.300000,11778.800000,14391102911291167519,null,10,7,0
2377,1160,78.31,78.310000,54089.000000,11731.500000,10536363883043520444,null,10,7,0
2378,1166,59.13,59.130000,28817.300000,11778.800000,173621398785470232,null,10,7,0
2379,1175,81.74,81.740000,65895.200000,12032.600000,2544585109599299805,null,10,7,0
2380,1181,59.13,59.130000,28817.300000,11778.800000,13803753416336386933,null,10,7,0
2381,1187,59.13,59.130000,28817.300000,11778.800000,1064890941700271502,null,10,7,0
2382,1193,81.96,81.960000,65680.700000,11850.700000,1057398135359321716,null,10,7,0
2383,1142,32.93,32.930000,27126.500000,18192.700000,16421746355819153159,null,11,7,0
2384,1148,32.93,32.930000,27126.500000,18192.700000,1893915933805207334,null,11,7,0
2385,1154,32.93,32.930000,27126.500000,18192.700000,13911421832239070930,null,11,7,0
2386,1160,32.93,32.930000,27126.500000,18192.700000,5438744345402969136,null,11,7,0
2387,1166,35.77,35.770000,28170.100000,18093.000000,6278640263295589357,null,11,7,0
2388,1172,32.93,32.930000,27126.500000,18192.700000,12212744136936125832,null,11,7,0
2389,1178,32.93,32.930000,27126.500000,18192.700000,18368527155862690273,null,11,7,0
2390,1184,35.93,35.930000,28402.000000,18197.500000,4820503292115886769,null,11,7,0
2391,1190,32.93,32.930000,27126.500000,18192.700000,2887961133894259485,null,11,7,0
2392,1142,48.3,48.300000,29558.200000,15282.200000,14044562294989931356,null,12,7,0
2393,1148,46.91,46.910000,28698.800000,15235.300000,14352485020289661824,null,12,7,0
2394,1154,46.91,46.910000,28698.800000,15235.300000,10104300525919611614,null,12,7,0
2395,1160,46.91,46.910000,28698.800000,15235.300000,18149050911819674197,null,12,7,0
2396,1166,46.18,46.180000,28486.700000,15332.800000,10100978289402593168,null,12,7,0
2397,1172,38.78,38.780000,26204.700000,16042.700000,146824827144563648,null,12,7,0
2398,1178,45.2,45.200000,28052.300000,15372.400000,14469635197719737901,null,12,7,0
2399,1184,39.9,39.900000,26097.000000,15683.200000,200259078959869890,null,12,7,0
2400,1190,42.81,42.810000,26879.900000,15373.800000,262408907939285590,null,12,7,0
2401,1141,78.32,78.320000,65188.200000,14130.500000,7896224556881948928,null,13,7,0
2402,1147,78.32,78.320000,65188.200000,14130.500000,12894258420929555456,null,13,7,0
2403,1152,78.32,78.320000,65188.200000,14130.500000,14715707187670142755,null,13,7,0
2404,1158,78.83,78.830000,65688.200000,13903.400000,6965755790649109592,null,13,7,0
2405,1163,78.32,78.320000,65188.200000,14130.500000,4629244108720987167,null,13,7,0
2406,1172,77.02,77.020000,60900.900000,13995.800000,14537275480741818553,null,13,7,0
2407,1180,77.02,77.020000,60900.900000,13995.800000,17744754644379894817,null,13,7,0
2408,1189,77.02,77.020000,60900.900000,13995.800000,15044395595085349943,null,13,7,0
2409,1197,77.02,77.020000,60900.900000,13995.800000,17311627374621819007,null,13,7,0
2410,1141,82.21,82.210000,68050.600000,12108.900000,3801192862842702788,null,14,7,0
2411,1147,82.21,82.210000,68050.600000,12108.900000,13628832143681957542,null,14,7,0
2412,1152,82.21,82.210000,68050.600000,12108.900000,12360824934315705328,null,14,7,0
2413,1158,82.49,82.490000,68050.600000,11918.100000,12774856310681345013,null,14,7,0
2414,1163,82.21,82.210000,68050.600000,12108.900000,12469702084115357033,null,14,7,0
2415,1169,81.85,81.850000,68050.600000,12348.800000,5845253961492867977,null,14,7,0
2416,1174,81.85,81.850000,68050.600000,12348.800000,14848505335363548399,null,14,7,0
2417,1180,82.22,82.220000,68050.600000,12101.700000,3492867556964295400,null,14,7,0
2418,1185,81.85,81.850000,68050.600000,12348.800000,3496875066603618210,null,14,7,0
2419,1142,55.71,55.710000,27342.500000,12110.800000,9423558158081277903,null,15,7,0
2420,1147,55.71,55.710000,27342.500000,12110.800000,7720431244983017590,null,15,7,0
2421,1153,55.71,55.710000,27342.500000,12110.800000,2459622507302942229,null,15,7,0
2422,1158,55.71,55.710000,27342.500000,12110.800000,10537923292708437801,null,15,7,0
2423,1164,60.84,60.840000,30770.100000,12049.400000,16767128036510250706,null,15,7,0
2424,1169,55.71,55.710000,27342.500000,12110.800000,17146739772280929106,null,15,7,0
2425,1175,55.71,55.710000,27342.500000,12110.800000,10415562599265734884,null,15,7,0
2426,1181,52.41,52.410000,26932.200000,12816.800000,10019772787023306031,null,15,7,0
2427,1186,55.71,55.710000,27342.500000,12110.800000,14268893524254574145,null,15,7,0
