EvalID,TimeEvaluated,SolverRuntimeSeconds,SolverTerminationStatus,ObjectiveValue,Gap,UpperBound,LowerBound,ConfigID,MipStartID,WorkerID,Iteration,Phase
1,5,5.011570,Normal,33.98,33.980000,-15.000000,-20.097566,14921508010286178949,null,0,1,0
2,10,5.011338,Normal,33.98,33.980000,-15.000000,-20.097566,2823934824078185206,null,0,1,0
3,15,5.012612,Normal,33.83,33.830000,-15.000000,-20.074298,3895283216737288575,null,0,1,0
4,21,5.012728,Normal,33.83,33.830000,-15.000000,-20.074298,1049631541030871684,null,0,1,0
5,26,5.012590,Normal,33.83,33.830000,-15.000000,-20.074298,16679742048881223644,null,0,1,0
6,31,5.012437,Normal,33.83,33.830000,-15.000000,-20.074298,6462305668448669345,null,0,1,0
7,36,5.012369,Normal,33.83,33.830000,-15.000000,-20.074298,5988662020493846908,null,0,1,0
8,42,5.012406,Normal,33.83,33.830000,-15.000000,-20.074298,4862113567422649290,null,0,1,0
9,47,5.016655,Normal,33.83,33.830000,-15.000000,-20.074298,2441688160292591395,null,0,1,0
10,52,5.015139,Normal,33.83,33.830000,-15.000000,-20.074298,3823057375706889759,null,0,1,0
11,57,5.031801,Normal,42.66,42.660000,-15.000000,-21.398340,14605588685206531618,null,0,1,0
12,63,5.012546,Normal,33.98,33.980000,-15.000000,-20.097566,15743638518301921207,null,0,1,0
13,68,5.011315,Normal,33.83,33.830000,-15.000000,-20.074298,12911295086759950527,null,0,1,0
14,73,5.024249,Normal,33.83,33.830000,-15.000000,-20.074298,16710989201653268352,null,0,1,0
15,78,5.012329,Normal,36.56,36.560000,-15.000000,-20.483874,1307886365978403084,null,0,1,0
16,84,5.010766,Normal,33.83,33.830000,-15.000000,-20.074298,14518627335714223442,null,0,1,0
17,89,5.012459,Normal,33.98,33.980000,-15.000000,-20.097566,16450644818478286277,null,0,1,0
18,94,5.011714,Normal,33.83,33.830000,-15.000000,-20.074298,17956490771213986838,null,0,1,0
19,99,5.010880,Normal,33.83,33.830000,-15.000000,-20.074298,7713530131881664580,null,0,1,0
20,105,5.013921,Normal,33.98,33.980000,-15.000000,-20.097566,2861183227548455869,null,0,1,0
21,5,5.010730,Normal,42.38,42.380000,-15.000000,-21.357500,8723278136865304665,null,1,1,0
22,10,5.011750,Normal,42.51,42.510000,-15.000000,-21.375900,4970148594231515670,null,1,1,0
23,15,5.009910,Normal,35.52,35.520000,-15.000000,-20.327300,2098913149819046562,null,1,1,0
24,21,5.010310,Normal,35.52,35.520000,-15.000000,-20.327300,14941587328240492291,null,1,1,0
25,26,5.010210,Normal,35.52,35.520000,-15.000000,-20.327300,2792895396170894892,null,1,1,0
26,31,5.010250,Normal,35.52,35.520000,-15.000000,-20.327300,9414181165683156458,null,1,1,0
27,36,5.010210,Normal,35.52,35.520000,-15.000000,-20.327300,18368262985047444403,null,1,1,0
28,42,5.011550,Normal,35.52,35.520000,-15.000000,-20.327300,8431264211995136302,null,1,1,0
29,47,5.010340,Normal,35.52,35.520000,-15.000000,-20.327300,8168469344796460727,null,1,1,0
30,52,5.010450,Normal,35.52,35.520000,-15.000000,-20.327300,16474772260083114791,null,1,1,0
31,57,5.011670,Normal,35.52,35.520000,-15.000000,-20.327300,10105286014187592295,null,1,1,0
32,62,5.008950,Normal,33.98,33.980000,-15.000000,-20.097600,13161231749353255192,null,1,1,0
33,68,5.009170,Normal,33.98,33.980000,-15.000000,-20.097600,9435466831266990508,null,1,1,0
34,73,5.009500,Normal,33.98,33.980000,-15.000000,-20.097600,1862028239393503413,null,1,1,0
35,78,5.010490,Normal,33.98,33.980000,-15.000000,-20.097600,8213401610695852368,null,1,1,0
36,83,5.040510,Normal,33.98,33.980000,-15.000000,-20.097600,6254952817296320229,null,1,1,0
37,89,5.044500,Normal,33.98,33.980000,-15.000000,-20.097600,9660572128256358565,null,1,1,0
38,94,5.009210,Normal,33.98,33.980000,-15.000000,-20.097600,865695162219636877,null,1,1,0
39,99,5.026130,Normal,42.6,42.600000,-15.000000,-21.389800,345107134739819212,null,1,1,0
40,104,5.012190,Normal,34.13,34.130000,-15.000000,-20.119100,4817663750895571562,null,1,1,0
41,5,5.063260,Normal,42.79,42.790000,-15.000000,-21.418900,15446065792237984030,null,2,1,0
42,10,5.037290,Normal,42.79,42.790000,-15.000000,-21.418900,4202048695090355429,null,2,1,0
43,15,5.026650,Normal,42.79,42.790000,-15.000000,-21.418900,1438553583210240060,null,2,1,0
44,21,5.036950,Normal,42.79,42.790000,-15.000000,-21.418900,18348230643339525308,null,2,1,0
45,26,5.034380,Normal,42.79,42.790000,-15.000000,-21.418900,4191205017993244521,null,2,1,0
46,31,5.064510,Normal,42.79,42.790000,-15.000000,-21.418900,11653280150158819812,null,2,1,0
47,37,5.052970,Normal,42.79,42.790000,-15.000000,-21.418900,18094935684124116638,null,2,1,0
48,42,5.039060,Normal,42.79,42.790000,-15.000000,-21.418900,8549353452254005399,null,2,1,0
49,47,5.010210,Normal,35.52,35.520000,-15.000000,-20.327300,11057048612570833976,null,2,1,0
50,52,5.014190,Normal,35.52,35.520000,-15.000000,-20.327300,1753861846112960999,null,2,1,0
51,58,5.015560,Normal,35.52,35.520000,-15.000000,-20.327300,14180630072067121549,null,2,1,0
52,63,5.012760,Normal,35.52,35.520000,-15.000000,-20.327300,10026413550865134360,null,2,1,0
53,68,5.012130,Normal,35.52,35.520000,-15.000000,-20.327300,5033571101632684358,null,2,1,0
54,73,5.010760,Normal,35.52,35.520000,-15.000000,-20.327300,15768749422018811538,null,2,1,0
55,79,5.010710,Normal,35.52,35.520000,-15.000000,-20.327300,2446777149588900341,null,2,1,0
56,84,5.022420,Normal,35.52,35.520000,-15.000000,-20.327300,7462273387222263782,null,2,1,0
57,89,5.010960,Normal,35.52,35.520000,-15.000000,-20.327300,14792072314016143550,null,2,1,0
58,94,5.011370,Normal,42.66,42.660000,-15.000000,-21.398300,14056675907377320393,null,2,1,0
59,100,5.014370,Normal,35.52,35.520000,-15.000000,-20.327300,16902811106790244085,null,2,1,0
60,105,5.022670,Normal,35.52,35.520000,-15.000000,-20.327300,15056614229686596651,null,2,1,0
61,5,5.011330,Normal,42.77,42.770000,-15.000000,-21.415100,14075347302301588864,null,3,1,0
62,10,5.017090,Normal,42.77,42.770000,-15.000000,-21.415100,13805086800485329465,null,3,1,0
63,15,5.028020,Normal,42.77,42.770000,-15.000000,-21.415100,14167589269659174657,null,3,1,0
64,21,5.015590,Normal,42.77,42.770000,-15.000000,-21.415100,14474151713492844321,null,3,1,0
65,26,5.016440,Normal,42.77,42.770000,-15.000000,-21.415100,16887099114260268141,null,3,1,0
66,31,5.011150,Normal,42.8,42.800000,-15.000000,-21.420600,8492922454319531633,null,3,1,0
67,36,5.017440,Normal,42.77,42.770000,-15.000000,-21.415100,15515029587678760294,null,3,1,0
68,42,5.018010,Normal,42.77,42.770000,-15.000000,-21.415100,11869090671818839631,null,3,1,0
69,47,5.009590,Normal,42.77,42.770000,-15.000000,-21.415100,11415704414425017689,null,3,1,0
70,52,5.022430,Normal,42.77,42.770000,-15.000000,-21.415100,3948456389719514429,null,3,1,0
71,57,5.011110,Normal,33.83,33.830000,-15.000000,-20.074300,17004664208314413269,null,3,1,0
72,63,5.013940,Normal,33.83,33.830000,-15.000000,-20.074300,13182162890131230414,null,3,1,0
73,68,5.010570,Normal,33.83,33.830000,-15.000000,-20.074300,9160650062132822196,null,3,1,0
74,73,5.011280,Normal,33.83,33.830000,-15.000000,-20.074300,2912511708190524288,null,3,1,0
75,78,5.011210,Normal,33.83,33.830000,-15.000000,-20.074300,3668949635467899369,null,3,1,0
76,84,5.011640,Normal,33.83,33.830000,-15.000000,-20.074300,18443314484502586511,null,3,1,0
77,89,5.011390,Normal,33.83,33.830000,-15.000000,-20.074300,694772814960179410,null,3,1,0
78,94,5.016410,Normal,33.83,33.830000,-15.000000,-20.074300,2217316202079124947,null,3,1,0
79,99,5.011860,Normal,36.3,36.300000,-15.000000,-20.444500,15848894208129361815,null,3,1,0
80,105,5.012060,Normal,33.83,33.830000,-15.000000,-20.074300,17452073702377344718,null,3,1,0
81,5,5.014930,Normal,38.41,38.410000,-15.000000,-20.762000,3607391237478288220,null,4,1,0
82,10,5.013660,Normal,38.41,38.410000,-15.000000,-20.762000,17425034657188371328,null,4,1,0
83,15,5.014710,Normal,38.41,38.410000,-15.000000,-20.762000,3517342209003059921,null,4,1,0
84,21,5.013920,Normal,38.41,38.410000,-15.000000,-20.762000,4852650198527644781,null,4,1,0
85,26,5.013760,Normal,38.41,38.410000,-15.000000,-20.762000,15772103726656257983,null,4,1,0
86,31,5.011640,Normal,36.56,36.560000,-15.000000,-20.483900,675707202377360244,null,4,1,0
87,36,5.014400,Normal,36.56,36.560000,-15.000000,-20.483900,16029529149903042511,null,4,1,0
88,42,5.013960,Normal,36.56,36.560000,-15.000000,-20.483900,17168655483449326940,null,4,1,0
89,47,5.019420,Normal,36.56,36.560000,-15.000000,-20.483900,2388484138306608149,null,4,1,0
90,52,5.017760,Normal,36.56,36.560000,-15.000000,-20.483900,14888849439580462462,null,4,1,0
91,57,5.014160,Normal,36.56,36.560000,-15.000000,-20.483900,7003603553917093636,null,4,1,0
92,63,5.012710,Normal,36.56,36.560000,-15.000000,-20.483900,5800893279947159078,null,4,1,0
93,68,5.012810,Normal,36.56,36.560000,-15.000000,-20.483900,11207246470759582109,null,4,1,0
94,73,5.010430,Normal,35.52,35.520000,-15.000000,-20.327300,16547266455744204315,null,4,1,0
95,78,5.011930,Normal,35.52,35.520000,-15.000000,-20.327300,12609590542460073483,null,4,1,0
96,84,5.010600,Normal,35.52,35.520000,-15.000000,-20.327300,7710862846154847215,null,4,1,0
97,89,5.011060,Normal,35.52,35.520000,-15.000000,-20.327300,12173457126350075415,null,4,1,0
98,94,5.013180,Normal,35.52,35.520000,-15.000000,-20.327300,15749548530572667930,null,4,1,0
99,99,5.014910,Normal,35.52,35.520000,-15.000000,-20.327300,14050578600156973998,null,4,1,0
100,105,5.015250,Normal,35.52,35.520000,-15.000000,-20.327300,16401951259623102259,null,4,1,0
101,5,5.014480,Normal,42.77,42.770000,-15.000000,-21.415100,6128791737735043497,null,5,1,0
102,10,5.014400,Normal,42.77,42.770000,-15.000000,-21.415100,7476122385861717275,null,5,1,0
103,15,5.013770,Normal,42.77,42.770000,-15.000000,-21.415100,902467761583244035,null,5,1,0
104,21,5.011120,Normal,42.75,42.750000,-15.000000,-21.412200,2367558522957212399,null,5,1,0
105,26,5.012360,Normal,42.75,42.750000,-15.000000,-21.412200,9592099849530968351,null,5,1,0
106,31,5.012810,Normal,42.75,42.750000,-15.000000,-21.412200,8007431742327538602,null,5,1,0
107,36,5.012550,Normal,42.75,42.750000,-15.000000,-21.412200,2601531241987607284,null,5,1,0
108,42,5.012510,Normal,42.75,42.750000,-15.000000,-21.412200,17396762972742899544,null,5,1,0
109,47,5.012780,Normal,42.75,42.750000,-15.000000,-21.412200,3681633409087190347,null,5,1,0
110,52,5.012650,Normal,42.75,42.750000,-15.000000,-21.412200,4934682663629232471,null,5,1,0
111,57,5.013100,Normal,42.75,42.750000,-15.000000,-21.413100,6548956580838099513,null,5,1,0
112,63,5.020280,Normal,42.75,42.750000,-15.000000,-21.412200,6536081339330253072,null,5,1,0
113,68,5.012820,Normal,42.75,42.750000,-15.000000,-21.412200,5658801572688967475,null,5,1,0
114,73,5.013130,Normal,42.75,42.750000,-15.000000,-21.412200,13065019288091757164,null,5,1,0
115,78,5.013860,Normal,42.71,42.710000,-15.000000,-21.407000,3168473667012576858,null,5,1,0
116,84,5.015140,Normal,34.13,34.130000,-15.000000,-20.119100,17746060337321482611,null,5,1,0
117,89,5.020440,Normal,34.13,34.130000,-15.000000,-20.119100,18119606122317448028,null,5,1,0
118,94,5.012040,Normal,34.13,34.130000,-15.000000,-20.119100,13572397611488953699,null,5,1,0
119,99,5.011480,Normal,34.13,34.130000,-15.000000,-20.119100,2360382278936246625,null,5,1,0
120,105,5.012650,Normal,33.98,33.980000,-15.000000,-20.097600,13693380684317737648,null,5,1,0
121,5,5.013430,Normal,33.98,33.980000,-15.000000,-20.097600,14016033152779600300,null,6,1,0
122,10,5.012330,Normal,36.56,36.560000,-15.000000,-20.483900,8902295658440993141,null,6,1,0
123,15,5.012340,Normal,33.98,33.980000,-15.000000,-20.097600,9162982493372142051,null,6,1,0
124,21,5.019040,Normal,33.83,33.830000,-15.000000,-20.074300,16649829036551454522,null,6,1,0
125,26,5.011130,Normal,33.83,33.830000,-15.000000,-20.074300,14227338889337950116,null,6,1,0
126,31,5.016470,Normal,33.83,33.830000,-15.000000,-20.074300,13869330802120015132,null,6,1,0
127,36,5.017980,Normal,33.83,33.830000,-15.000000,-20.074300,8865982235242296725,null,6,1,0
128,42,5.012270,Normal,33.98,33.980000,-15.000000,-20.097600,18029425804246342156,null,6,1,0
129,47,5.013360,Normal,33.83,33.830000,-15.000000,-20.074300,17276217021543558751,null,6,1,0
130,52,5.012730,Normal,33.83,33.830000,-15.000000,-20.074300,12735443769804781733,null,6,1,0
131,57,5.017340,Normal,33.98,33.980000,-15.000000,-20.097600,6373745229572368705,null,6,1,0
132,63,5.015510,Normal,33.83,33.830000,-15.000000,-20.074300,11458875908864285868,null,6,1,0
133,68,5.019540,Normal,33.83,33.830000,-15.000000,-20.074300,17331279539304601453,null,6,1,0
134,73,5.014660,Normal,33.83,33.830000,-15.000000,-20.074300,12017267693241497530,null,6,1,0
135,78,5.018490,Normal,33.83,33.830000,-15.000000,-20.074300,11770471593826589627,null,6,1,0
136,84,5.014570,Normal,35.52,35.520000,-15.000000,-20.327300,4216340931479046734,null,6,1,0
137,89,5.018670,Normal,33.83,33.830000,-15.000000,-20.074300,9733249756101252178,null,6,1,0
138,94,5.011380,Normal,33.83,33.830000,-15.000000,-20.074300,4523375089794375884,null,6,1,0
139,99,5.019200,Normal,33.83,33.830000,-15.000000,-20.074300,3411017991917609108,null,6,1,0
140,105,5.011600,Normal,33.83,33.830000,-15.000000,-20.074300,403619626422996551,null,6,1,0
141,5,5.013460,Normal,36.56,36.560000,-15.000000,-20.483900,17459231772484832906,null,7,1,0
142,10,5.014350,Normal,36.56,36.560000,-15.000000,-20.483900,3270808954000123780,null,7,1,0
143,15,5.013900,Normal,36.56,36.560000,-15.000000,-20.483900,6281434940985222665,null,7,1,0
144,21,5.013950,Normal,36.56,36.560000,-15.000000,-20.483900,15086307549765646742,null,7,1,0
145,26,5.011480,Normal,36.56,36.560000,-15.000000,-20.483900,12482972597272955623,null,7,1,0
146,31,5.012830,Normal,36.56,36.560000,-15.000000,-20.483900,1198303351266495103,null,7,1,0
147,36,5.014150,Normal,36.56,36.560000,-15.000000,-20.483900,1338311107140312690,null,7,1,0
148,42,5.012610,Normal,36.56,36.560000,-15.000000,-20.483900,5899518252541370500,null,7,1,0
149,47,5.014260,Normal,36.56,36.560000,-15.000000,-20.483900,17376310748800922074,null,7,1,0
150,52,5.011870,Normal,36.56,36.560000,-15.000000,-20.483900,13082560938585046881,null,7,1,0
151,57,5.012600,Normal,36.56,36.560000,-15.000000,-20.483900,7408773035069117565,null,7,1,0
152,62,5.016970,Normal,36.56,36.560000,-15.000000,-20.483900,13126743677803658018,null,7,1,0
153,68,5.012450,Normal,33.98,33.980000,-15.000000,-20.097600,15510008459708385636,null,7,1,0
154,73,5.012550,Normal,33.98,33.980000,-15.000000,-20.097600,1414993522714777404,null,7,1,0
155,78,5.012420,Normal,33.83,33.830000,-15.000000,-20.074300,1757025956180630497,null,7,1,0
156,84,5.012780,Normal,35.23,35.230000,-15.000000,-20.285000,378757090615588602,null,7,1,0
157,89,5.018130,Normal,33.83,33.830000,-15.000000,-20.074300,8208727677623020462,null,7,1,0
158,94,5.012570,Normal,33.83,33.830000,-15.000000,-20.074300,12041582330704808202,null,7,1,0
159,99,5.012670,Normal,33.83,33.830000,-15.000000,-20.074300,3636397022401065170,null,7,1,0
160,104,5.013230,Normal,33.83,33.830000,-15.000000,-20.074300,10900385261973107162,null,7,1,0
161,5,5.013710,Normal,33.98,33.980000,-15.000000,-20.097600,14787309470191083595,null,8,1,0
162,10,5.037440,Normal,33.98,33.980000,-15.000000,-20.097600,16528181700612333528,null,8,1,0
163,15,5.012540,Normal,36.56,36.560000,-15.000000,-20.483900,4988673008751409194,null,8,1,0
164,21,5.015220,Normal,33.83,33.830000,-15.000000,-20.074300,14859812253942396335,null,8,1,0
165,26,5.012230,Normal,33.83,33.830000,-15.000000,-20.074300,14962157705604291561,null,8,1,0
166,31,5.013530,Normal,33.83,33.830000,-15.000000,-20.074300,17481733679669107509,null,8,1,0
167,36,5.013000,Normal,33.98,33.980000,-15.000000,-20.097600,6330024423977911991,null,8,1,0
168,42,5.011110,Normal,33.98,33.980000,-15.000000,-20.097600,7154280044430273339,null,8,1,0
169,47,5.012550,Normal,33.83,33.830000,-15.000000,-20.074300,7204251333492131537,null,8,1,0
170,52,5.050270,Normal,42.79,42.790000,-15.000000,-21.418900,9502177551363833336,null,8,1,0
171,57,5.011600,Normal,33.83,33.830000,-15.000000,-20.074300,1981644130134660201,null,8,1,0
172,63,5.011300,Normal,33.83,33.830000,-15.000000,-20.074300,7348329065640314172,null,8,1,0
173,68,5.016550,Normal,35.52,35.520000,-15.000000,-20.327300,12024993997484025032,null,8,1,0
174,73,5.010480,Normal,33.83,33.830000,-15.000000,-20.074300,18129657937988676658,null,8,1,0
175,78,5.012000,Normal,33.83,33.830000,-15.000000,-20.074300,13012578661431247638,null,8,1,0
176,84,5.011070,Normal,33.83,33.830000,-15.000000,-20.074300,2608367897728552306,null,8,1,0
177,89,5.011480,Normal,33.83,33.830000,-15.000000,-20.074300,13970411397070880800,null,8,1,0
178,94,5.011630,Normal,33.83,33.830000,-15.000000,-20.074300,11754348116732174738,null,8,1,0
179,99,5.010690,Normal,33.83,33.830000,-15.000000,-20.074300,2358606104370927377,null,8,1,0
180,105,5.012120,Normal,33.83,33.830000,-15.000000,-20.074300,8830404757039203621,null,8,1,0
181,5,5.013300,Normal,34.13,34.130000,-15.000000,-20.119100,41740214594011589,null,9,1,0
182,10,5.039640,Normal,34.13,34.130000,-15.000000,-20.119100,7588996335084142938,null,9,1,0
183,15,5.012500,Normal,33.83,33.830000,-15.000000,-20.074300,16568964868302601746,null,9,1,0
184,21,5.012060,Normal,33.98,33.980000,-15.000000,-20.097600,11291850046732826446,null,9,1,0
185,26,5.012310,Normal,33.83,33.830000,-15.000000,-20.074300,3155494780495518288,null,9,1,0
186,31,5.012650,Normal,33.98,33.980000,-15.000000,-20.097600,1407584766227318610,null,9,1,0
187,36,5.012720,Normal,33.98,33.980000,-15.000000,-20.097600,9039083893474968752,null,9,1,0
188,42,5.012790,Normal,33.83,33.830000,-15.000000,-20.074300,5897948621165871793,null,9,1,0
189,47,5.020430,Normal,33.83,33.830000,-15.000000,-20.074300,16138498691143213695,null,9,1,0
190,52,5.014170,Normal,33.98,33.980000,-15.000000,-20.097600,10862495469249965273,null,9,1,0
191,57,5.012350,Normal,33.98,33.980000,-15.000000,-20.097600,9565114043508127002,null,9,1,0
192,63,5.012810,Normal,33.98,33.980000,-15.000000,-20.097600,17039461998695972148,null,9,1,0
193,68,5.011080,Normal,33.98,33.980000,-15.000000,-20.097600,6036356682047792272,null,9,1,0
194,73,5.011160,Normal,33.98,33.980000,-15.000000,-20.097600,3162379195303802191,null,9,1,0
195,78,5.014770,Normal,33.98,33.980000,-15.000000,-20.097600,15556750685724792307,null,9,1,0
196,84,5.012250,Normal,33.83,33.830000,-15.000000,-20.074300,3525626382480268790,null,9,1,0
197,89,5.015870,Normal,35.52,35.520000,-15.000000,-20.327300,15170728945360147553,null,9,1,0
198,94,5.011360,Normal,33.98,33.980000,-15.000000,-20.097600,10755085895173705616,null,9,1,0
199,99,5.010300,Normal,33.98,33.980000,-15.000000,-20.097600,2520086794791284513,null,9,1,0
200,105,5.011390,Normal,36.56,36.560000,-15.000000,-20.483900,13101039960160078983,null,9,1,0
201,5,5.014830,Normal,38.41,38.410000,-15.000000,-20.762000,14083365601823689507,null,10,1,0
202,10,5.014190,Normal,38.41,38.410000,-15.000000,-20.762000,2652234567607876655,null,10,1,0
203,15,5.013070,Normal,42.77,42.770000,-15.000000,-21.415100,18268541396385914242,null,10,1,0
204,21,5.014140,Normal,38.41,38.410000,-15.000000,-20.762000,3381944097106009256,null,10,1,0
205,26,5.013830,Normal,36.56,36.560000,-15.000000,-20.483900,15422742136427693861,null,10,1,0
206,31,5.012710,Normal,36.56,36.560000,-15.000000,-20.483900,12588694752246773496,null,10,1,0
207,36,5.011060,Normal,36.56,36.560000,-15.000000,-20.483900,7235730022292576810,null,10,1,0
208,42,5.012810,Normal,36.56,36.560000,-15.000000,-20.483900,12296327037290074789,null,10,1,0
209,47,5.012550,Normal,42.79,42.790000,-15.000000,-21.418900,10937132626981172168,null,10,1,0
210,52,5.011050,Normal,36.56,36.560000,-15.000000,-20.483900,2352543774036674019,null,10,1,0
211,57,5.016560,Normal,36.56,36.560000,-15.000000,-20.483900,8416883720124553449,null,10,1,0
212,63,5.012680,Normal,36.56,36.560000,-15.000000,-20.483900,4369555650906700584,null,10,1,0
213,68,5.012100,Normal,34.97,34.970000,-15.000000,-20.245600,8114353084618162746,null,10,1,0
214,73,5.011590,Normal,34.45,34.450000,-15.000000,-20.167300,17741197782512494929,null,10,1,0
215,78,5.012760,Normal,33.98,33.980000,-15.000000,-20.097600,12478545136171400779,null,10,1,0
216,84,5.012710,Normal,33.98,33.980000,-15.000000,-20.097600,17011780699604442485,null,10,1,0
217,89,5.013960,Normal,33.98,33.980000,-15.000000,-20.097600,4321371765951698877,null,10,1,0
218,94,5.012540,Normal,33.83,33.830000,-15.000000,-20.074300,14283287792349205909,null,10,1,0
219,99,5.010890,Normal,33.83,33.830000,-15.000000,-20.074300,10168544711192117536,null,10,1,0
220,105,5.012660,Normal,33.83,33.830000,-15.000000,-20.074300,5609530479961743528,null,10,1,0
221,5,5.009850,Normal,42.38,42.380000,-15.000000,-21.357500,13735962452484424727,null,11,1,0
222,10,5.009810,Normal,42.38,42.380000,-15.000000,-21.357500,11401908168026512941,null,11,1,0
223,15,5.011150,Normal,42.38,42.380000,-15.000000,-21.357500,10702622864664562941,null,11,1,0
224,21,5.010670,Normal,42.38,42.380000,-15.000000,-21.357500,8063955359178502448,null,11,1,0
225,26,5.010830,Normal,42.79,42.790000,-15.000000,-21.418900,14756075548352721494,null,11,1,0
226,31,5.009150,Normal,42.38,42.380000,-15.000000,-21.357500,3899096959091616922,null,11,1,0
227,36,5.011430,Normal,42.38,42.380000,-15.000000,-21.357500,6872799285990982567,null,11,1,0
228,42,5.010510,Normal,42.38,42.380000,-15.000000,-21.357500,16476082117936520193,null,11,1,0
229,47,5.009950,Normal,42.38,42.380000,-15.000000,-21.357500,15891470575881018891,null,11,1,0
230,52,5.009890,Normal,42.38,42.380000,-15.000000,-21.357500,7206712086383565151,null,11,1,0
231,57,5.012800,Normal,42.51,42.510000,-15.000000,-21.375900,18093000790708455,null,11,1,0
232,63,5.027810,Normal,42.6,42.600000,-15.000000,-21.389800,1151805328795664980,null,11,1,0
233,68,5.012110,Normal,35.52,35.520000,-15.000000,-20.327300,4614983518084032705,null,11,1,0
234,73,5.012780,Normal,35.52,35.520000,-15.000000,-20.327300,2900929030728658813,null,11,1,0
235,78,5.010380,Normal,35.52,35.520000,-15.000000,-20.327300,15027503007812959785,null,11,1,0
236,84,5.009980,Normal,33.98,33.980000,-15.000000,-20.097600,15927479079902685065,null,11,1,0
237,89,5.035240,Normal,34.13,34.130000,-15.000000,-20.119100,14838523493546124128,null,11,1,0
238,94,5.011470,Normal,38.41,38.410000,-15.000000,-20.762000,10546948862326283376,null,11,1,0
239,99,5.009910,Normal,33.98,33.980000,-15.000000,-20.097600,12995832025749737251,null,11,1,0
240,105,5.010780,Normal,33.98,33.980000,-15.000000,-20.097600,5160181842078564422,null,11,1,0
241,5,5.012970,Normal,33.83,33.830000,-15.000000,-20.074300,2776033069294714548,null,12,1,0
242,10,5.015900,Normal,33.83,33.830000,-15.000000,-20.074300,11097539861823145020,null,12,1,0
243,15,5.037850,Normal,33.83,33.830000,-15.000000,-20.074300,17303981811961530925,null,12,1,0
244,21,5.012720,Normal,33.83,33.830000,-15.000000,-20.074300,13502678947955548502,null,12,1,0
245,26,5.012720,Normal,33.83,33.830000,-15.000000,-20.074300,18435350268509369076,null,12,1,0
246,31,5.039070,Normal,33.83,33.830000,-15.000000,-20.074300,7401673638713744726,null,12,1,0
247,36,5.036740,Normal,33.83,33.830000,-15.000000,-20.074300,7231664683854142511,null,12,1,0
248,42,5.015170,Normal,35.52,35.520000,-15.000000,-20.327300,12834992944668622184,null,12,1,0
249,47,5.014390,Normal,33.83,33.830000,-15.000000,-20.074300,3554124386458832925,null,12,1,0
250,52,5.013070,Normal,34.13,34.130000,-15.000000,-20.119100,9353267834834129650,null,12,1,0
251,57,5.012890,Normal,33.98,33.980000,-15.000000,-20.097600,1999410809551193321,null,12,1,0
252,63,5.012520,Normal,33.83,33.830000,-15.000000,-20.074300,14174762639464014503,null,12,1,0
253,68,5.013020,Normal,33.83,33.830000,-15.000000,-20.074300,9968046013812054178,null,12,1,0
254,73,5.035390,Normal,33.83,33.830000,-15.000000,-20.074300,5299698825648250313,null,12,1,0
255,78,5.032950,Normal,33.83,33.830000,-15.000000,-20.074300,5404205762943978345,null,12,1,0
256,84,5.022140,Normal,33.83,33.830000,-15.000000,-20.074300,16463864225213143188,null,12,1,0
257,89,5.012940,Normal,33.98,33.980000,-15.000000,-20.097600,5128916386799931021,null,12,1,0
258,94,5.042510,Normal,33.83,33.830000,-15.000000,-20.074300,11219500582001909091,null,12,1,0
259,99,5.012100,Normal,36.56,36.560000,-15.000000,-20.483900,16629962750075362158,null,12,1,0
260,105,5.036090,Normal,33.83,33.830000,-15.000000,-20.074300,1049464370944579826,null,12,1,0
261,5,5.012340,Normal,35.52,35.520000,-15.000000,-20.327300,17770079838099398960,null,13,1,0
262,10,5.012890,Normal,35.52,35.520000,-15.000000,-20.327300,5185258979309411653,null,13,1,0
263,15,5.013890,Normal,35.52,35.520000,-15.000000,-20.327300,17489095638031883868,null,13,1,0
264,21,5.020790,Normal,35.52,35.520000,-15.000000,-20.327300,8175031702312772026,null,13,1,0
265,26,5.010240,Normal,35.52,35.520000,-15.000000,-20.327300,7969109458158987207,null,13,1,0
266,31,5.017770,Normal,35.52,35.520000,-15.000000,-20.327300,1010521706779802991,null,13,1,0
267,36,5.010290,Normal,35.52,35.520000,-15.000000,-20.327300,8001299125945560219,null,13,1,0
268,42,5.010440,Normal,35.52,35.520000,-15.000000,-20.327300,12935449460628715728,null,13,1,0
269,47,5.010430,Normal,35.52,35.520000,-15.000000,-20.327300,8226837306500458965,null,13,1,0
270,52,5.010560,Normal,35.52,35.520000,-15.000000,-20.327300,14833000928782511162,null,13,1,0
271,57,5.010240,Normal,35.52,35.520000,-15.000000,-20.327300,6425865138759757458,null,13,1,0
272,63,5.013450,Normal,35.52,35.520000,-15.000000,-20.327300,17590384214552677929,null,13,1,0
273,68,5.010400,Normal,35.52,35.520000,-15.000000,-20.327300,5996459139362052484,null,13,1,0
274,73,5.010310,Normal,35.52,35.520000,-15.000000,-20.327300,4392602851101025977,null,13,1,0
275,78,5.013610,Normal,36.56,36.560000,-15.000000,-20.483900,7631084634859493234,null,13,1,0
276,84,5.051790,Normal,42.79,42.790000,-15.000000,-21.418900,5976062511766955878,null,13,1,0
277,89,5.010310,Normal,35.52,35.520000,-15.000000,-20.327300,9785830224246323087,null,13,1,0
278,94,5.009940,Normal,36.3,36.300000,-15.000000,-20.444500,896041876320858257,null,13,1,0
279,99,5.010330,Normal,35.52,35.520000,-15.000000,-20.327300,12346632285895928234,null,13,1,0
280,105,5.012420,Normal,35.52,35.520000,-15.000000,-20.327300,13790604172610022934,null,13,1,0
281,5,5.016830,Normal,35.52,35.520000,-15.000000,-20.327300,359675858134083956,null,14,1,0
282,10,5.016270,Normal,35.52,35.520000,-15.000000,-20.327300,16350109184365738064,null,14,1,0
283,15,5.020650,Normal,35.52,35.520000,-15.000000,-20.327300,12028949451744498189,null,14,1,0
284,21,5.017800,Normal,35.52,35.520000,-15.000000,-20.327300,18241989922982725447,null,14,1,0
285,26,5.016670,Normal,35.52,35.520000,-15.000000,-20.327300,2486007741278418995,null,14,1,0
286,31,5.010220,Normal,33.83,33.830000,-15.000000,-20.074300,16019576621816285767,null,14,1,0
287,36,5.010490,Normal,33.83,33.830000,-15.000000,-20.074300,18379801674398860486,null,14,1,0
288,42,5.011500,Normal,33.83,33.830000,-15.000000,-20.074300,18444463878060758667,null,14,1,0
289,47,5.011460,Normal,33.83,33.830000,-15.000000,-20.074300,1530485586551742546,null,14,1,0
290,52,5.011120,Normal,33.98,33.980000,-15.000000,-20.097600,17619983490893037031,null,14,1,0
291,57,5.010570,Normal,42.8,42.800000,-15.000000,-21.420600,8468939170511859675,null,14,1,0
292,63,5.014460,Normal,33.83,33.830000,-15.000000,-20.074300,6836269695718405231,null,14,1,0
293,68,5.014210,Normal,33.83,33.830000,-15.000000,-20.074300,994263282795997688,null,14,1,0
294,73,5.041400,Normal,42.79,42.790000,-15.000000,-21.418900,15701400537068331772,null,14,1,0
295,78,5.012920,Normal,35.23,35.230000,-15.000000,-20.285000,14926021954709054718,null,14,1,0
296,84,5.018800,Normal,33.83,33.830000,-15.000000,-20.074300,8514402462180189262,null,14,1,0
297,89,5.019810,Normal,33.83,33.830000,-15.000000,-20.074300,13103864754833261946,null,14,1,0
298,94,5.013180,Normal,33.83,33.830000,-15.000000,-20.074300,3930833078441167702,null,14,1,0
299,99,5.012340,Normal,33.83,33.830000,-15.000000,-20.074300,5744857546777436012,null,14,1,0
300,105,5.012440,Normal,33.98,33.980000,-15.000000,-20.097600,4007491791838160008,null,14,1,0
301,5,5.013420,Normal,33.98,33.980000,-15.000000,-20.097600,9405647989513722186,null,15,1,0
302,10,5.012320,Normal,33.83,33.830000,-15.000000,-20.074300,17946712852468001418,null,15,1,0
303,15,5.015140,Normal,33.83,33.830000,-15.000000,-20.074300,11871540477364399216,null,15,1,0
304,21,5.012430,Normal,33.98,33.980000,-15.000000,-20.097600,11225425961116347512,null,15,1,0
305,26,5.012420,Normal,33.83,33.830000,-15.000000,-20.074300,1789880341443851978,null,15,1,0
306,31,5.015130,Normal,42.66,42.660000,-15.000000,-21.398300,4293452840217746716,null,15,1,0
307,36,5.010810,Normal,33.98,33.980000,-15.000000,-20.097600,18026336866875226843,null,15,1,0
308,42,5.012390,Normal,33.98,33.980000,-15.000000,-20.097600,13371338813930205807,null,15,1,0
309,47,5.012030,Normal,33.83,33.830000,-15.000000,-20.074300,5566465836981491495,null,15,1,0
310,52,5.012550,Normal,33.98,33.980000,-15.000000,-20.097600,5000212533937798091,null,15,1,0
311,57,5.012720,Normal,33.98,33.980000,-15.000000,-20.097600,16455491111217996000,null,15,1,0
312,63,5.012470,Normal,33.98,33.980000,-15.000000,-20.097600,4646164645102072365,null,15,1,0
313,68,5.011530,Normal,33.98,33.980000,-15.000000,-20.097600,7822708495730361244,null,15,1,0
314,73,5.051300,Normal,42.79,42.790000,-15.000000,-21.418900,13651466235036849123,null,15,1,0
315,78,5.011750,Normal,33.98,33.980000,-15.000000,-20.097600,12968093267754939304,null,15,1,0
316,84,5.012480,Normal,33.98,33.980000,-15.000000,-20.097600,6444190241377100378,null,15,1,0
317,89,5.012090,Normal,34.13,34.130000,-15.000000,-20.119100,14796600430013080908,null,15,1,0
318,94,5.012680,Normal,33.98,33.980000,-15.000000,-20.097600,11566249063412034539,null,15,1,0
319,99,5.011090,Normal,33.98,33.980000,-15.000000,-20.097600,9472819422345938230,null,15,1,0
320,105,5.013010,Normal,33.98,33.980000,-15.000000,-20.097600,5866332587457111843,null,15,1,0
321,110,5.009502,Normal,33.83,33.830000,-15.000000,-20.074298,5071944672512797259,null,0,1,1
322,110,5.010786,Normal,33.83,33.830000,-15.000000,-20.074298,6121139791648500101,null,1,1,1
323,110,5.014801,Normal,33.83,33.830000,-15.000000,-20.074298,10923830436152519747,null,2,1,1
324,110,5.013521,Normal,33.83,33.830000,-15.000000,-20.074298,5591314503448113659,null,3,1,1
325,110,5.011298,Normal,33.83,33.830000,-15.000000,-20.074298,10008374916259244248,null,4,1,1
326,110,5.009434,Normal,34.13,34.130000,-15.000000,-20.119138,9073200281993801243,null,5,1,1
327,110,5.009646,Normal,34.4,34.400000,-15.000000,-20.159905,7692833930095684769,null,6,1,1
328,110,5.009297,Normal,34.4,34.400000,-15.000000,-20.159905,11534765932508641050,null,7,1,1
329,110,5.010758,Normal,34.4,34.400000,-15.000000,-20.159905,6815402633416200017,null,8,1,1
330,110,5.013255,Normal,33.69,33.690000,-15.000000,-20.053651,6467081764308077985,null,9,1,1
331,110,5.013214,Normal,33.69,33.690000,-15.000000,-20.053651,2217502324706783971,null,10,1,1
332,110,5.010407,Normal,33.83,33.830000,-15.000000,-20.074298,14108646255270500947,null,11,1,1
333,110,5.013047,Normal,33.83,33.830000,-15.000000,-20.074298,582100611254536969,null,12,1,1
334,110,5.015655,Normal,33.83,33.830000,-15.000000,-20.074298,11159619192925714986,null,13,1,1
335,110,5.017997,Normal,33.83,33.830000,-15.000000,-20.074298,14642397462819607579,null,14,1,1
336,110,5.015049,Normal,33.83,33.830000,-15.000000,-20.074298,8607122509547680580,null,15,1,1
337,116,5.012942,Normal,33.83,33.830000,-15.000000,-20.074298,6592788807226272440,null,0,2,0
338,121,5.022791,Normal,33.69,33.690000,-15.000000,-20.053651,16261946054395096573,null,0,2,0
339,126,5.012833,Normal,33.69,33.690000,-15.000000,-20.053651,8302897440878455141,null,0,2,0
340,131,5.012630,Normal,33.69,33.690000,-15.000000,-20.053651,2865865005881816121,null,0,2,0
341,137,5.012910,Normal,33.69,33.690000,-15.000000,-20.053651,5852702630870871964,null,0,2,0
342,142,5.010427,Normal,33.69,33.690000,-15.000000,-20.053651,3831807376184453686,null,0,2,0
343,147,5.014687,Normal,33.95,33.950000,-15.000000,-20.091822,12498126341450271747,null,0,2,0
344,152,5.014125,Normal,36.56,36.560000,-15.000000,-20.483874,16051533269722452663,null,0,2,0
345,157,5.012189,Normal,33.95,33.950000,-15.000000,-20.091822,15533144019697713422,null,0,2,0
346,163,5.012282,Normal,33.69,33.690000,-15.000000,-20.053651,10410453084574206808,null,0,2,0
347,168,5.014251,Normal,33.69,33.690000,-15.000000,-20.053651,2217502324706783971,null,0,2,0
348,173,5.012669,Normal,33.69,33.690000,-15.000000,-20.053651,18018669668395326565,null,0,2,0
349,178,5.013351,Normal,33.95,33.950000,-15.000000,-20.091822,11172442919480255504,null,0,2,0
350,184,5.018563,Normal,33.69,33.690000,-15.000000,-20.053651,14503220707258842376,null,0,2,0
351,189,5.012356,Normal,33.95,33.950000,-15.000000,-20.091822,809686790994037523,null,0,2,0
352,194,5.010898,Normal,33.69,33.690000,-15.000000,-20.053651,6819390880436047888,null,0,2,0
353,199,5.013271,Normal,33.69,33.690000,-15.000000,-20.053651,8457186409893866026,null,0,2,0
354,205,5.011051,Normal,33.69,33.690000,-15.000000,-20.053651,910954602688373813,null,0,2,0
355,210,5.011225,Normal,33.98,33.980000,-15.000000,-20.097566,857616651240560159,null,0,2,0
356,215,5.012693,Normal,33.69,33.690000,-15.000000,-20.053651,7137414756248118469,null,0,2,0
357,220,5.010329,Normal,42.79,42.790000,-15.000000,-21.418937,5862979192985621144,null,0,2,0
358,226,5.011276,Normal,33.69,33.690000,-15.000000,-20.053651,14649711015427703427,null,0,2,0
359,231,5.010303,Normal,33.69,33.690000,-15.000000,-20.053651,18250862390664446026,null,0,2,0
360,236,5.008770,Normal,42.8,42.800000,-15.000000,-21.420554,16394353517548986638,null,0,2,0
361,241,5.011467,Normal,33.69,33.690000,-15.000000,-20.053651,4129185075689344451,null,0,2,0
362,247,5.013212,Normal,33.69,33.690000,-15.000000,-20.053651,17883600819775239153,null,0,2,0
363,252,5.013670,Normal,33.69,33.690000,-15.000000,-20.053651,11092208662419799432,null,0,2,0
364,115,5.010450,Normal,33.6,33.600000,-16.000000,-21.375700,14524032865051832349,null,1,2,0
365,121,5.009910,Normal,33.6,33.600000,-16.000000,-21.375700,4142242676439251007,null,1,2,0
366,126,5.010780,Normal,33.6,33.600000,-16.000000,-21.375700,15727510797593169825,null,1,2,0
367,131,5.010040,Normal,42.51,42.510000,-15.000000,-21.376100,14728805119352026947,null,1,2,0
368,136,5.011250,Normal,33.6,33.600000,-16.000000,-21.375700,11002282064088622332,null,1,2,0
369,142,5.010370,Normal,33.6,33.600000,-16.000000,-21.375700,14662804586157143485,null,1,2,0
370,147,5.013820,Normal,33.6,33.600000,-16.000000,-21.375700,8928524560659201444,null,1,2,0
371,152,5.010090,Normal,33.6,33.600000,-16.000000,-21.375700,16293336258342264785,null,1,2,0
372,157,5.011890,Normal,35.56,35.560000,-15.000000,-20.333300,14008642517026099934,null,1,2,0
373,163,5.010220,Normal,33.6,33.600000,-16.000000,-21.375700,7093733294437514621,null,1,2,0
374,168,5.010090,Normal,33.6,33.600000,-16.000000,-21.375700,5693432290802119928,null,1,2,0
375,173,5.017320,Normal,33.6,33.600000,-16.000000,-21.375700,15533556611000448407,null,1,2,0
376,178,5.010930,Normal,33.6,33.600000,-16.000000,-21.375700,5203078595495896395,null,1,2,0
377,184,5.010190,Normal,42.5,42.500000,-15.000000,-21.375700,547934972668350381,null,1,2,0
378,189,5.011170,Normal,33.6,33.600000,-16.000000,-21.375700,4127167961906282370,null,1,2,0
379,194,5.010580,Normal,35.56,35.560000,-15.000000,-20.333300,1122973146541923076,null,1,2,0
380,199,5.015860,Normal,33.6,33.600000,-16.000000,-21.375700,15874363772256643406,null,1,2,0
381,205,5.010230,Normal,33.65,33.650000,-16.000000,-21.384200,14051752721943295369,null,1,2,0
382,210,5.012770,Normal,33.6,33.600000,-16.000000,-21.375700,10670731089236284383,null,1,2,0
383,215,5.011030,Normal,33.6,33.600000,-16.000000,-21.375700,13380887601888896485,null,1,2,0
384,220,5.013690,Normal,42.8,42.800000,-15.000000,-21.419400,8406573404241271321,null,1,2,0
385,226,5.015080,Normal,33.6,33.600000,-16.000000,-21.375700,16749703072365240183,null,1,2,0
386,231,5.009290,Normal,33.65,33.650000,-16.000000,-21.384200,10969133042587166009,null,1,2,0
387,236,5.013400,Normal,33.6,33.600000,-16.000000,-21.375700,8547224653448273062,null,1,2,0
388,241,5.009880,Normal,42.92,42.920000,-15.000000,-21.437700,4353250122363773166,null,1,2,0
389,247,5.009950,Normal,33.6,33.600000,-16.000000,-21.375700,1042046631428056556,null,1,2,0
390,252,5.016580,Normal,33.6,33.600000,-16.000000,-21.375700,14919456840640631245,null,1,2,0
391,115,5.021900,Normal,34.13,34.130000,-15.000000,-20.119100,5947270431553236025,null,2,2,0
392,121,5.031470,Normal,34.13,34.130000,-15.000000,-20.119100,15260528687307697924,null,2,2,0
393,126,5.032290,Normal,34.13,34.130000,-15.000000,-20.119100,2068318165917949043,null,2,2,0
394,131,5.023570,Normal,34.13,34.130000,-15.000000,-20.119100,7027336285587564712,null,2,2,0
395,137,5.014960,Normal,35.23,35.230000,-15.000000,-20.285000,6737472449962141612,null,2,2,0
396,142,5.011550,Normal,33.98,33.980000,-15.000000,-20.097600,2677603782899977552,null,2,2,0
397,147,5.011710,Normal,33.98,33.980000,-15.000000,-20.097600,5959759960847612075,null,2,2,0
398,152,5.012260,Normal,33.98,33.980000,-15.000000,-20.097600,3230586811034698131,null,2,2,0
399,158,5.011630,Normal,33.98,33.980000,-15.000000,-20.097600,11982740755654842970,null,2,2,0
400,163,5.011620,Normal,36.56,36.560000,-15.000000,-20.483900,6676394937507008357,null,2,2,0
401,168,5.010830,Normal,34.13,34.130000,-15.000000,-20.119100,5036119333719732889,null,2,2,0
402,173,5.014290,Normal,33.98,33.980000,-15.000000,-20.097600,4333678316630542314,null,2,2,0
403,179,5.011480,Normal,33.98,33.980000,-15.000000,-20.097600,14277349893205804630,null,2,2,0
404,184,5.011470,Normal,33.98,33.980000,-15.000000,-20.097600,14343280139543239958,null,2,2,0
405,189,5.011010,Normal,34.13,34.130000,-15.000000,-20.119100,15614786376903450778,null,2,2,0
406,194,5.011280,Normal,34.13,34.130000,-15.000000,-20.119100,6677098642894246419,null,2,2,0
407,200,5.012050,Normal,33.83,33.830000,-15.000000,-20.074300,14896015115724161092,null,2,2,0
408,205,5.011960,Normal,42.73,42.730000,-15.000000,-21.408900,16600679209166875552,null,2,2,0
409,210,5.011720,Normal,33.83,33.830000,-15.000000,-20.074300,11273256888026425375,null,2,2,0
410,215,5.011440,Normal,33.83,33.830000,-15.000000,-20.074300,827910064625040457,null,2,2,0
411,221,5.011300,Normal,33.98,33.980000,-15.000000,-20.097600,1286039914193650169,null,2,2,0
412,226,5.011470,Normal,33.98,33.980000,-15.000000,-20.097600,14504543885699295872,null,2,2,0
413,231,5.011740,Normal,33.98,33.980000,-15.000000,-20.097600,5657340873319956073,null,2,2,0
414,236,5.011880,Normal,33.98,33.980000,-15.000000,-20.097600,16549677180223694836,null,2,2,0
415,241,5.010570,Normal,33.83,33.830000,-15.000000,-20.074300,2153141576940816917,null,2,2,0
416,247,5.010810,Normal,33.98,33.980000,-15.000000,-20.097600,16144377027227287440,null,2,2,0
417,252,5.012270,Normal,33.98,33.980000,-15.000000,-20.097600,17209061838088815908,null,2,2,0
418,115,5.010570,Normal,42.71,42.710000,-15.000000,-21.407000,14624545961859391241,null,3,2,0
419,121,5.016960,Normal,42.71,42.710000,-15.000000,-21.407000,3149264705318019541,null,3,2,0
420,126,5.011510,Normal,42.71,42.710000,-15.000000,-21.407000,15131949120648228180,null,3,2,0
421,131,5.011420,Normal,42.71,42.710000,-15.000000,-21.407000,13655519993709258909,null,3,2,0
422,136,5.011500,Normal,42.71,42.710000,-15.000000,-21.407000,17551307216877155931,null,3,2,0
423,142,5.011320,Normal,42.71,42.710000,-15.000000,-21.407000,1515190505360071550,null,3,2,0
424,147,5.011480,Normal,42.71,42.710000,-15.000000,-21.407000,225787877189147240,null,3,2,0
425,152,5.011360,Normal,42.71,42.710000,-15.000000,-21.407000,17747931237601430150,null,3,2,0
426,157,5.011010,Normal,42.71,42.710000,-15.000000,-21.407000,9537859483492577669,null,3,2,0
427,163,5.011460,Normal,42.71,42.710000,-15.000000,-21.407000,3510135739459690379,null,3,2,0
428,168,5.011470,Normal,42.71,42.710000,-15.000000,-21.407000,4223091301432247025,null,3,2,0
429,173,5.011470,Normal,42.71,42.710000,-15.000000,-21.407000,6742585267797646473,null,3,2,0
430,178,5.011390,Normal,42.71,42.710000,-15.000000,-21.407000,6522455095853248305,null,3,2,0
431,184,5.011430,Normal,42.71,42.710000,-15.000000,-21.407000,13078713477756087062,null,3,2,0
432,189,5.011340,Normal,42.71,42.710000,-15.000000,-21.407000,12201981529280165984,null,3,2,0
433,194,5.011110,Normal,42.68,42.680000,-15.000000,-21.402100,17914711109235073447,null,3,2,0
434,199,5.012490,Normal,42.68,42.680000,-15.000000,-21.402100,15659349843983378597,null,3,2,0
435,205,5.011370,Normal,42.68,42.680000,-15.000000,-21.402100,18083353348615682578,null,3,2,0
436,210,5.010130,Normal,42.64,42.640000,-15.000000,-21.395800,11592687151735299690,null,3,2,0
437,215,5.012680,Normal,42.64,42.640000,-15.000000,-21.395800,5444022622655030174,null,3,2,0
438,220,5.014070,Normal,42.64,42.640000,-15.000000,-21.395800,4726545758243610206,null,3,2,0
439,226,5.013340,Normal,42.64,42.640000,-15.000000,-21.395800,7830278389932299326,null,3,2,0
440,231,5.010610,Normal,42.64,42.640000,-15.000000,-21.395800,1538178424442331594,null,3,2,0
441,236,5.010920,Normal,42.64,42.640000,-15.000000,-21.395800,15813649940011268727,null,3,2,0
442,241,5.010750,Normal,42.64,42.640000,-15.000000,-21.395800,9007333408138672894,null,3,2,0
443,247,5.020030,Normal,42.64,42.640000,-15.000000,-21.395800,2320284156585185651,null,3,2,0
444,252,5.021030,Normal,42.64,42.640000,-15.000000,-21.395800,983314704944175349,null,3,2,0
445,115,5.012120,Normal,36.56,36.560000,-15.000000,-20.484400,14796853224098476093,null,4,2,0
446,121,5.012080,Normal,36.56,36.560000,-15.000000,-20.484400,3659064540368434764,null,4,2,0
447,126,5.011980,Normal,36.56,36.560000,-15.000000,-20.484400,4920527367987989616,null,4,2,0
448,131,5.012100,Normal,36.56,36.560000,-15.000000,-20.484400,8671732181907881592,null,4,2,0
449,136,5.012020,Normal,36.56,36.560000,-15.000000,-20.484400,7031416191382413645,null,4,2,0
450,142,5.012130,Normal,36.56,36.560000,-15.000000,-20.484400,909836650289412064,null,4,2,0
451,147,5.011720,Normal,36.56,36.560000,-15.000000,-20.484400,1570870433514826436,null,4,2,0
452,152,5.011880,Normal,36.56,36.560000,-15.000000,-20.484400,4679283817788762307,null,4,2,0
453,157,5.011930,Normal,36.56,36.560000,-15.000000,-20.484400,5942180302387550689,null,4,2,0
454,163,5.011970,Normal,36.56,36.560000,-15.000000,-20.484400,14624937833430358458,null,4,2,0
455,168,5.011990,Normal,36.56,36.560000,-15.000000,-20.484400,58109520343433360,null,4,2,0
456,173,5.012240,Normal,33.84,33.840000,-15.000000,-20.075500,17692601845182251181,null,4,2,0
457,178,5.011340,Normal,33.95,33.950000,-15.000000,-20.091800,2458617276801843295,null,4,2,0
458,184,5.011840,Normal,33.84,33.840000,-15.000000,-20.075500,15189085051798388594,null,4,2,0
459,189,5.010560,Normal,33.95,33.950000,-15.000000,-20.091800,7680853599470098458,null,4,2,0
460,194,5.011680,Normal,33.95,33.950000,-15.000000,-20.091800,8236724306665767491,null,4,2,0
461,199,5.012350,Normal,33.84,33.840000,-15.000000,-20.075500,3240425808372269621,null,4,2,0
462,205,5.012300,Normal,33.84,33.840000,-15.000000,-20.075500,5885291186614459434,null,4,2,0
463,210,5.012410,Normal,33.84,33.840000,-15.000000,-20.075500,2453973143854133095,null,4,2,0
464,215,5.011970,Normal,33.95,33.950000,-15.000000,-20.091800,8808204964270772490,null,4,2,0
465,220,5.012110,Normal,33.84,33.840000,-15.000000,-20.075500,15241937303224494912,null,4,2,0
466,226,5.012300,Normal,33.84,33.840000,-15.000000,-20.075500,10095917274374328228,null,4,2,0
467,231,5.011690,Normal,33.84,33.840000,-15.000000,-20.075500,8256346189425465450,null,4,2,0
468,236,5.014560,Normal,33.84,33.840000,-15.000000,-20.075500,10533659860525448946,null,4,2,0
469,241,5.010890,Normal,34.29,34.290000,-15.000000,-20.144100,10224785594139893108,null,4,2,0
470,247,5.012140,Normal,33.84,33.840000,-15.000000,-20.075500,7853883538159858373,null,4,2,0
471,252,5.011780,Normal,33.95,33.950000,-15.000000,-20.091800,8426483065858558732,null,4,2,0
472,115,5.009730,Normal,42.37,42.370000,-15.000000,-21.355200,1717793581149490194,null,5,2,0
473,121,5.010590,Normal,42.37,42.370000,-15.000000,-21.355200,16251626163394740864,null,5,2,0
474,126,5.009690,Normal,42.37,42.370000,-15.000000,-21.355200,10746577748359387527,null,5,2,0
475,131,5.012150,Normal,42.8,42.800000,-15.000000,-21.419400,6956495304248198611,null,5,2,0
476,137,5.010590,Normal,42.37,42.370000,-15.000000,-21.355200,10142028096310542972,null,5,2,0
477,142,5.010500,Normal,42.43,42.430000,-15.000000,-21.365100,9455908392281377662,null,5,2,0
478,147,5.013550,Normal,42.92,42.920000,-15.000000,-21.438100,15763676370704352270,null,5,2,0
479,152,5.011440,Normal,42.37,42.370000,-15.000000,-21.355200,16926172939107032514,null,5,2,0
480,157,5.010280,Normal,42.37,42.370000,-15.000000,-21.355200,8984719551259274522,null,5,2,0
481,163,5.011180,Normal,42.92,42.920000,-15.000000,-21.438100,14381036125073220665,null,5,2,0
482,168,5.009800,Normal,42.25,42.250000,-15.000000,-21.337800,2383635503236591086,null,5,2,0
483,173,5.011370,Normal,42.92,42.920000,-15.000000,-21.438100,16832723286057653893,null,5,2,0
484,179,5.030630,Normal,34.9,34.900000,-15.000000,-20.235300,13143792578499441197,null,5,2,0
485,184,5.011280,Normal,35.56,35.560000,-15.000000,-20.333300,10225422243255781520,null,5,2,0
486,189,5.011490,Normal,34.9,34.900000,-15.000000,-20.235300,12292566296322400079,null,5,2,0
487,194,5.011520,Normal,34.9,34.900000,-15.000000,-20.235300,3496380913373326308,null,5,2,0
488,200,5.011800,Normal,34.9,34.900000,-15.000000,-20.235300,1111677791388931331,null,5,2,0
489,205,5.011680,Normal,34.9,34.900000,-15.000000,-20.235300,5947679508114843856,null,5,2,0
490,210,5.011460,Normal,34.9,34.900000,-15.000000,-20.235300,16160528508836342731,null,5,2,0
491,215,5.012270,Normal,34.9,34.900000,-15.000000,-20.235300,12757691674752657494,null,5,2,0
492,220,5.011700,Normal,34.9,34.900000,-15.000000,-20.235300,16048109933311200437,null,5,2,0
493,226,5.010990,Normal,34.9,34.900000,-15.000000,-20.235300,7367320367419215297,null,5,2,0
494,231,5.012330,Normal,34.9,34.900000,-15.000000,-20.235300,5041062645210869051,null,5,2,0
495,236,5.012150,Normal,34.9,34.900000,-15.000000,-20.235300,16300851767463688690,null,5,2,0
496,241,5.011670,Normal,34.9,34.900000,-15.000000,-20.235300,14185739625687104690,null,5,2,0
497,247,5.011510,Normal,34.9,34.900000,-15.000000,-20.235300,4256599624822827110,null,5,2,0
498,252,5.012120,Normal,34.9,34.900000,-15.000000,-20.235300,12028635738959642093,null,5,2,0
499,116,5.043830,Normal,36.56,36.560000,-15.000000,-20.484400,17245840093544169413,null,6,2,0
500,121,5.020280,Normal,36.56,36.560000,-15.000000,-20.483900,13319346561623173308,null,6,2,0
501,126,5.055360,Normal,36.56,36.560000,-15.000000,-20.484400,14011886082939104085,null,6,2,0
502,131,5.070800,Normal,36.56,36.560000,-15.000000,-20.484400,397083095854993524,null,6,2,0
503,137,5.052820,Normal,36.56,36.560000,-15.000000,-20.484400,7545882729733651503,null,6,2,0
504,142,5.043170,Normal,36.56,36.560000,-15.000000,-20.484400,8193535261240209902,null,6,2,0
505,147,5.040250,Normal,36.56,36.560000,-15.000000,-20.484400,2231454208089883080,null,6,2,0
506,152,5.013060,Normal,38.41,38.410000,-15.000000,-20.762000,5371947146841596252,null,6,2,0
507,158,5.038830,Normal,36.56,36.560000,-15.000000,-20.484400,17518118145421225739,null,6,2,0
508,163,5.013730,Normal,34.4,34.400000,-15.000000,-20.159900,2928601329713204562,null,6,2,0
509,168,5.012800,Normal,34.4,34.400000,-15.000000,-20.159900,12918715519253590206,null,6,2,0
510,174,5.016310,Normal,33.81,33.810000,-15.000000,-20.071700,3742348533982227621,null,6,2,0
511,179,5.014250,Normal,33.81,33.810000,-15.000000,-20.071700,15265056598165992609,null,6,2,0
512,184,5.013610,Normal,38.58,38.580000,-15.000000,-20.786700,16161502416155443891,null,6,2,0
513,189,5.013800,Normal,33.81,33.810000,-15.000000,-20.071700,10779302922548695075,null,6,2,0
514,195,5.019710,Normal,33.81,33.810000,-15.000000,-20.071700,8349417678746134646,null,6,2,0
515,200,5.019440,Normal,33.81,33.810000,-15.000000,-20.071700,696636909320472600,null,6,2,0
516,205,5.017600,Normal,33.81,33.810000,-15.000000,-20.071700,2164380044207840989,null,6,2,0
517,210,5.011580,Normal,34.4,34.400000,-15.000000,-20.159900,2222350546330525536,null,6,2,0
518,216,5.009360,Normal,33.81,33.810000,-15.000000,-20.071700,15781387266472294223,null,6,2,0
519,221,5.010020,Normal,33.81,33.810000,-15.000000,-20.071700,17926986397562188196,null,6,2,0
520,226,5.010560,Normal,33.81,33.810000,-15.000000,-20.071700,17834542500361976440,null,6,2,0
521,231,5.012240,Normal,33.81,33.810000,-15.000000,-20.071700,12326927043645952001,null,6,2,0
522,237,5.012140,Normal,33.81,33.810000,-15.000000,-20.071700,2474185447127302752,null,6,2,0
523,242,5.010480,Normal,34.4,34.400000,-15.000000,-20.159900,15713704582882270259,null,6,2,0
524,247,5.011620,Normal,42.92,42.920000,-15.000000,-21.438100,5315443443843700890,null,6,2,0
525,252,5.011400,Normal,33.81,33.810000,-15.000000,-20.071700,7567728167613682069,null,6,2,0
526,115,5.010850,Normal,42.77,42.770000,-15.000000,-21.415100,16158882930789774158,null,7,2,0
527,121,5.022160,Normal,42.77,42.770000,-15.000000,-21.415100,9700433172672998482,null,7,2,0
528,126,5.022310,Normal,42.77,42.770000,-15.000000,-21.415100,6443608313527603466,null,7,2,0
529,131,5.024460,Normal,42.77,42.770000,-15.000000,-21.415100,11281442227213913125,null,7,2,0
530,137,5.014670,Normal,42.71,42.710000,-15.000000,-21.407000,2692176097550131820,null,7,2,0
531,142,5.010650,Normal,42.79,42.790000,-15.000000,-21.418900,13241075613438414178,null,7,2,0
532,147,5.010400,Normal,42.7,42.700000,-15.000000,-21.404900,14760961718251984197,null,7,2,0
533,152,5.011420,Normal,42.7,42.700000,-15.000000,-21.404900,256519163810894214,null,7,2,0
534,158,5.010870,Normal,42.7,42.700000,-15.000000,-21.404900,14595688325018613207,null,7,2,0
535,163,5.010190,Normal,42.7,42.700000,-15.000000,-21.404900,11405093439762226019,null,7,2,0
536,168,5.010860,Normal,42.7,42.700000,-15.000000,-21.404900,13479219531447254418,null,7,2,0
537,173,5.011980,Normal,42.7,42.700000,-15.000000,-21.404900,13820961670907545261,null,7,2,0
538,179,5.011270,Normal,42.7,42.700000,-15.000000,-21.404900,10678262254587538444,null,7,2,0
539,184,5.011130,Normal,42.7,42.700000,-15.000000,-21.404900,14698529568544427632,null,7,2,0
540,189,5.013660,Normal,42.7,42.700000,-15.000000,-21.404300,14394544443944894650,null,7,2,0
541,194,5.010150,Normal,42.7,42.700000,-15.000000,-21.404900,14086335393594386109,null,7,2,0
542,200,5.009780,Normal,42.7,42.700000,-15.000000,-21.404900,17602021986051550708,null,7,2,0
543,205,5.010180,Normal,42.7,42.700000,-15.000000,-21.404900,1180398527864030638,null,7,2,0
544,210,5.009190,Normal,42.7,42.700000,-15.000000,-21.404900,13022038696793860680,null,7,2,0
545,215,5.011810,Normal,42.7,42.700000,-15.000000,-21.404900,2629946746948218205,null,7,2,0
546,221,5.011200,Normal,42.7,42.700000,-15.000000,-21.404900,15560350635349603447,null,7,2,0
547,226,5.011450,Normal,42.7,42.700000,-15.000000,-21.404900,16210549917242151545,null,7,2,0
548,231,5.015400,Normal,42.63,42.630000,-15.000000,-21.395200,5913300215034188572,null,7,2,0
549,236,5.016380,Normal,42.63,42.630000,-15.000000,-21.395200,17752263348892363307,null,7,2,0
550,242,5.013260,Normal,42.63,42.630000,-15.000000,-21.395200,5679500173050514021,null,7,2,0
551,247,5.017830,Normal,42.63,42.630000,-15.000000,-21.395200,9109094314538805981,null,7,2,0
552,252,5.012060,Normal,42.63,42.630000,-15.000000,-21.395200,14167684944594631853,null,7,2,0
553,116,5.029540,Normal,42.14,42.140000,-15.000000,-21.320300,3733952702166640162,null,8,2,0
554,121,5.060330,Normal,42.14,42.140000,-15.000000,-21.320300,15281284413121164610,null,8,2,0
555,126,5.043300,Normal,42.14,42.140000,-15.000000,-21.320300,15651463203969001134,null,8,2,0
556,131,5.040450,Normal,42.14,42.140000,-15.000000,-21.320300,9171403137286668750,null,8,2,0
557,137,5.042950,Normal,42.14,42.140000,-15.000000,-21.320300,14511677866128478406,null,8,2,0
558,142,5.043030,Normal,42.14,42.140000,-15.000000,-21.320300,2938278706389246621,null,8,2,0
559,147,5.040970,Normal,42.14,42.140000,-15.000000,-21.320300,12577692225795853531,null,8,2,0
560,152,5.044800,Normal,42.14,42.140000,-15.000000,-21.320300,17996460506191609541,null,8,2,0
561,158,5.011670,Normal,42.14,42.140000,-15.000000,-21.320300,11048237210122904407,null,8,2,0
562,163,5.059610,Normal,42.14,42.140000,-15.000000,-21.320300,6178515135719160542,null,8,2,0
563,168,5.032120,Normal,42.14,42.140000,-15.000000,-21.320300,3079064940080546850,null,8,2,0
564,174,5.048780,Normal,42.14,42.140000,-15.000000,-21.320300,4555191455439194195,null,8,2,0
565,179,5.050520,Normal,42.14,42.140000,-15.000000,-21.320300,10973269951660556555,null,8,2,0
566,184,5.046100,Normal,42.14,42.140000,-15.000000,-21.320300,7025841240283161763,null,8,2,0
567,189,5.048180,Normal,42.14,42.140000,-15.000000,-21.320300,9551066447399411512,null,8,2,0
568,195,5.041620,Normal,42.73,42.730000,-15.000000,-21.408900,5971729855899708576,null,8,2,0
569,200,5.044090,Normal,42.14,42.140000,-15.000000,-21.320300,17557364440798048897,null,8,2,0
570,205,5.011880,Normal,42.3,42.300000,-15.000000,-21.345100,7524169812419400069,null,8,2,0
571,210,5.051170,Normal,42.14,42.140000,-15.000000,-21.320300,323333597822705406,null,8,2,0
572,216,5.019720,Normal,42.14,42.140000,-15.000000,-21.320300,9243682677282997028,null,8,2,0
573,221,5.043020,Normal,42.14,42.140000,-15.000000,-21.320300,17206683936339427960,null,8,2,0
574,226,5.045380,Normal,42.14,42.140000,-15.000000,-21.320300,9821012058793274606,null,8,2,0
575,232,5.073700,Normal,42.14,42.140000,-15.000000,-21.320300,13015034408505730102,null,8,2,0
576,237,5.073840,Normal,42.14,42.140000,-15.000000,-21.320300,18403919180710753690,null,8,2,0
577,242,5.059640,Normal,42.14,42.140000,-15.000000,-21.320300,9896605753002230323,null,8,2,0
578,247,5.051950,Normal,42.14,42.140000,-15.000000,-21.320300,1849267574758312476,null,8,2,0
579,253,5.034990,Normal,42.92,42.920000,-15.000000,-21.437300,5467764670858111249,null,8,2,0
580,115,5.012990,Normal,42.8,42.800000,-15.000000,-21.420600,3618700652277622913,null,9,2,0
581,121,5.012850,Normal,42.8,42.800000,-15.000000,-21.420600,12024996570375660506,null,9,2,0
582,126,5.012810,Normal,42.8,42.800000,-15.000000,-21.420600,16930981210698636101,null,9,2,0
583,131,5.012500,Normal,42.8,42.800000,-15.000000,-21.420600,16572719674590824675,null,9,2,0
584,137,5.012590,Normal,42.8,42.800000,-15.000000,-21.420600,11325654500929897671,null,9,2,0
585,142,5.012680,Normal,42.8,42.800000,-15.000000,-21.420600,9109110471223092796,null,9,2,0
586,147,5.012480,Normal,42.8,42.800000,-15.000000,-21.420600,11270851147498289456,null,9,2,0
587,152,5.012420,Normal,42.8,42.800000,-15.000000,-21.420600,9075194789725287738,null,9,2,0
588,157,5.012270,Normal,42.8,42.800000,-15.000000,-21.420600,10816889036614838307,null,9,2,0
589,163,5.012330,Normal,42.8,42.800000,-15.000000,-21.420600,14799506742804817281,null,9,2,0
590,168,5.012110,Normal,42.8,42.800000,-15.000000,-21.420600,361423956141314320,null,9,2,0
591,173,5.011180,Normal,42.8,42.800000,-15.000000,-21.420600,15877720663734451228,null,9,2,0
592,178,5.011370,Normal,42.8,42.800000,-15.000000,-21.420600,10890274736770203568,null,9,2,0
593,184,5.012000,Normal,42.8,42.800000,-15.000000,-21.420600,6703361311009713180,null,9,2,0
594,189,5.011890,Normal,42.8,42.800000,-15.000000,-21.420600,3954230209452096008,null,9,2,0
595,194,5.011830,Normal,42.8,42.800000,-15.000000,-21.420600,1140564382709713,null,9,2,0
596,199,5.011820,Normal,42.8,42.800000,-15.000000,-21.420600,7338907067608767047,null,9,2,0
597,205,5.014200,Normal,42.8,42.800000,-15.000000,-21.420600,6740291823076580632,null,9,2,0
598,210,5.012020,Normal,42.8,42.800000,-15.000000,-21.420600,80433794651273881,null,9,2,0
599,215,5.011840,Normal,42.8,42.800000,-15.000000,-21.420600,18192137074416843225,null,9,2,0
600,220,5.010920,Normal,42.92,42.920000,-15.000000,-21.437700,15687644168849582093,null,9,2,0
601,226,5.010710,Normal,42.8,42.800000,-15.000000,-21.420600,3356319408236435949,null,9,2,0
602,231,5.011920,Normal,42.8,42.800000,-15.000000,-21.420600,12865997265840343223,null,9,2,0
603,236,5.012550,Normal,42.8,42.800000,-15.000000,-21.420600,7916103431737800435,null,9,2,0
604,241,5.020110,Normal,42.8,42.800000,-15.000000,-21.420600,15052924180390102831,null,9,2,0
605,247,5.012790,Normal,42.8,42.800000,-15.000000,-21.420600,1321428487297651128,null,9,2,0
606,252,5.012970,Normal,42.8,42.800000,-15.000000,-21.420600,936017827906701719,null,9,2,0
607,115,5.011170,Normal,42.92,42.920000,-15.000000,-21.438100,13629467484033325122,null,10,2,0
608,121,5.016000,Normal,42.92,42.920000,-15.000000,-21.438100,7148010697467622417,null,10,2,0
609,126,5.011540,Normal,42.85,42.850000,-15.000000,-21.428100,12520643223055652722,null,10,2,0
610,131,5.011290,Normal,42.85,42.850000,-15.000000,-21.428100,6379257518461756701,null,10,2,0
611,137,5.011400,Normal,42.85,42.850000,-15.000000,-21.428100,8342984877883541940,null,10,2,0
612,142,5.010240,Normal,42.85,42.850000,-15.000000,-21.428100,11458796051148063240,null,10,2,0
613,147,5.011550,Normal,42.85,42.850000,-15.000000,-21.428100,4230980265800912750,null,10,2,0
614,152,5.011970,Normal,42.85,42.850000,-15.000000,-21.428100,15083336650012728709,null,10,2,0
615,158,5.010660,Normal,42.85,42.850000,-15.000000,-21.428100,7540337433568189773,null,10,2,0
616,163,5.012200,Normal,42.85,42.850000,-15.000000,-21.428100,2929951270510482883,null,10,2,0
617,168,5.011060,Normal,42.85,42.850000,-15.000000,-21.428100,10734073396240197069,null,10,2,0
618,173,5.017730,Normal,42.77,42.770000,-15.000000,-21.415100,17325442151424646261,null,10,2,0
619,179,5.030210,Normal,42.77,42.770000,-15.000000,-21.415100,18132274473772698278,null,10,2,0
620,184,5.011480,Normal,42.77,42.770000,-15.000000,-21.415100,7539254399254304963,null,10,2,0
621,189,5.010330,Normal,42.71,42.710000,-15.000000,-21.407000,8237510049563274511,null,10,2,0
622,194,5.010860,Normal,42.71,42.710000,-15.000000,-21.407000,8161709319496514833,null,10,2,0
623,200,5.010640,Normal,42.71,42.710000,-15.000000,-21.407000,9210843413187181280,null,10,2,0
624,205,5.010190,Normal,42.71,42.710000,-15.000000,-21.407000,8786880756364846860,null,10,2,0
625,210,5.011570,Normal,42.71,42.710000,-15.000000,-21.407000,17111845434478799781,null,10,2,0
626,215,5.010370,Normal,42.71,42.710000,-15.000000,-21.407000,14539454838445975366,null,10,2,0
627,221,5.009620,Normal,42.71,42.710000,-15.000000,-21.407000,2146364056622086103,null,10,2,0
628,226,5.010300,Normal,42.71,42.710000,-15.000000,-21.407000,12104013546715314870,null,10,2,0
629,231,5.009620,Normal,42.71,42.710000,-15.000000,-21.407000,17449892653856224756,null,10,2,0
630,236,5.010790,Normal,42.71,42.710000,-15.000000,-21.407000,3162494565168998386,null,10,2,0
631,242,5.010220,Normal,42.71,42.710000,-15.000000,-21.407000,5304161457941734813,null,10,2,0
632,247,5.010590,Normal,42.71,42.710000,-15.000000,-21.407000,6666612190756903308,null,10,2,0
633,252,5.009900,Normal,42.71,42.710000,-15.000000,-21.407000,11527839382748162862,null,10,2,0
634,115,5.013540,Normal,36.05,36.050000,-15.000000,-20.407700,16534020185770463492,null,11,2,0
635,121,5.013720,Normal,38.41,38.410000,-15.000000,-20.762000,5113686482919702512,null,11,2,0
636,126,5.013310,Normal,36.05,36.050000,-15.000000,-20.407700,12827040387230264202,null,11,2,0
637,131,5.012260,Normal,33.6,33.600000,-15.000000,-20.039300,9988302361193252685,null,11,2,0
638,137,5.012880,Normal,33.81,33.810000,-15.000000,-20.071700,3484721166715843457,null,11,2,0
639,142,5.013280,Normal,33.6,33.600000,-15.000000,-20.039300,8508187740432671356,null,11,2,0
640,147,5.029310,Normal,42.77,42.770000,-15.000000,-21.415100,2047911152697107922,null,11,2,0
641,152,5.011010,Normal,33.6,33.600000,-15.000000,-20.039300,13705300969515440453,null,11,2,0
642,158,5.011820,Normal,33.6,33.600000,-15.000000,-20.039300,12205176448098151377,null,11,2,0
643,163,5.011220,Normal,33.6,33.600000,-15.000000,-20.039300,1864910021711273161,null,11,2,0
644,168,5.011350,Normal,33.6,33.600000,-15.000000,-20.039300,15573363795370734930,null,11,2,0
645,173,5.011390,Normal,33.6,33.600000,-15.000000,-20.039300,7388392722741904096,null,11,2,0
646,179,5.012180,Normal,33.6,33.600000,-15.000000,-20.039300,217297086763875355,null,11,2,0
647,184,5.010870,Normal,33.6,33.600000,-15.000000,-20.039300,3566593626766387145,null,11,2,0
648,189,5.009980,Normal,33.6,33.600000,-15.000000,-20.039300,11578273228993760517,null,11,2,0
649,194,5.011580,Normal,33.72,33.720000,-15.000000,-20.058300,1887178232402885880,null,11,2,0
650,200,5.011070,Normal,42.92,42.920000,-15.000000,-21.437400,9240245424613814555,null,11,2,0
651,205,5.010720,Normal,33.6,33.600000,-15.000000,-20.039300,3566013154186140559,null,11,2,0
652,210,5.010730,Normal,33.6,33.600000,-15.000000,-20.039300,1720250738241272763,null,11,2,0
653,215,5.010900,Normal,33.6,33.600000,-15.000000,-20.039300,11008737232778397242,null,11,2,0
654,220,5.010730,Normal,33.6,33.600000,-15.000000,-20.039300,17485905736039858267,null,11,2,0
655,226,5.010550,Normal,33.6,33.600000,-15.000000,-20.039300,1380218703586757105,null,11,2,0
656,231,5.010870,Normal,33.6,33.600000,-15.000000,-20.039300,14013757715988301331,null,11,2,0
657,236,5.010480,Normal,33.6,33.600000,-15.000000,-20.039300,5297868467656605673,null,11,2,0
658,241,5.011000,Normal,33.6,33.600000,-15.000000,-20.039300,17885172158707629211,null,11,2,0
659,247,5.011270,Normal,33.6,33.600000,-15.000000,-20.039300,10186251871126757804,null,11,2,0
660,252,5.010850,Normal,33.6,33.600000,-15.000000,-20.039300,9303996754605088973,null,11,2,0
661,115,5.012660,Normal,34.13,34.130000,-15.000000,-20.119100,2052626533724257857,null,12,2,0
662,121,5.014900,Normal,34.13,34.130000,-15.000000,-20.119100,10290828746270183439,null,12,2,0
663,126,5.014510,Normal,34.13,34.130000,-15.000000,-20.119100,8409242341197117510,null,12,2,0
664,131,5.015450,Normal,34.13,34.130000,-15.000000,-20.119100,9563593774911915766,null,12,2,0
665,137,5.012630,Normal,34.13,34.130000,-15.000000,-20.119100,16001571627894550875,null,12,2,0
666,142,5.012540,Normal,34.13,34.130000,-15.000000,-20.119100,2337197437193955168,null,12,2,0
667,147,5.012820,Normal,35.02,35.020000,-15.000000,-20.252500,5522407316463627708,null,12,2,0
668,152,5.019050,Normal,34.13,34.130000,-15.000000,-20.119100,16584553608307491174,null,12,2,0
669,157,5.012600,Normal,34.13,34.130000,-15.000000,-20.119100,10596241103717257012,null,12,2,0
670,163,5.012440,Normal,34.13,34.130000,-15.000000,-20.119100,11483808017755982786,null,12,2,0
671,168,5.012800,Normal,34.13,34.130000,-15.000000,-20.119100,15217800776283037342,null,12,2,0
672,173,5.012210,Normal,34.13,34.130000,-15.000000,-20.119100,17819180862151455932,null,12,2,0
673,178,5.012640,Normal,34.13,34.130000,-15.000000,-20.119100,2524004616176670399,null,12,2,0
674,184,5.012770,Normal,34.13,34.130000,-15.000000,-20.119100,3765624093542433490,null,12,2,0
675,189,5.014000,Normal,34.13,34.130000,-15.000000,-20.119100,1714675925769229663,null,12,2,0
676,194,5.012800,Normal,34.13,34.130000,-15.000000,-20.119100,10062963042263307745,null,12,2,0
677,199,5.012700,Normal,34.13,34.130000,-15.000000,-20.119100,7805114291566978146,null,12,2,0
678,205,5.012950,Normal,33.81,33.810000,-15.000000,-20.071700,12455660339553868933,null,12,2,0
679,210,5.013110,Normal,33.81,33.810000,-15.000000,-20.071700,10710139946985331502,null,12,2,0
680,215,5.013010,Normal,33.81,33.810000,-15.000000,-20.071700,11676512914167541217,null,12,2,0
681,220,5.011570,Normal,33.81,33.810000,-15.000000,-20.071700,15082802042554352280,null,12,2,0
682,226,5.012040,Normal,33.81,33.810000,-15.000000,-20.071700,14276005822990499858,null,12,2,0
683,231,5.013380,Normal,33.81,33.810000,-15.000000,-20.071700,3069839036241266278,null,12,2,0
684,236,5.013550,Normal,33.81,33.810000,-15.000000,-20.071700,10556048924385849747,null,12,2,0
685,241,5.013620,Normal,33.81,33.810000,-15.000000,-20.071700,12787931907722793517,null,12,2,0
686,247,5.014900,Normal,33.81,33.810000,-15.000000,-20.071700,9214359218340942933,null,12,2,0
687,252,5.013790,Normal,33.81,33.810000,-15.000000,-20.071700,8911846234189501378,null,12,2,0
688,115,5.014660,Normal,42.14,42.140000,-15.000000,-21.320300,1465649728522941436,null,13,2,0
689,121,5.022200,Normal,42.14,42.140000,-15.000000,-21.320300,1211233556207427426,null,13,2,0
690,126,5.014280,Normal,42.73,42.730000,-15.000000,-21.408900,4788551056491276567,null,13,2,0
691,131,5.019620,Normal,42.14,42.140000,-15.000000,-21.320300,6034091502128457388,null,13,2,0
692,137,5.013460,Normal,42.14,42.140000,-15.000000,-21.320300,4874827901629550503,null,13,2,0
693,142,5.013870,Normal,42.14,42.140000,-15.000000,-21.320300,5417585735682741978,null,13,2,0
694,147,5.013400,Normal,42.14,42.140000,-15.000000,-21.320300,16588442160045081855,null,13,2,0
695,152,5.010230,Normal,42.92,42.920000,-15.000000,-21.437900,15056093048652940765,null,13,2,0
696,158,5.012660,Normal,42.14,42.140000,-15.000000,-21.320300,3245848029080332049,null,13,2,0
697,163,5.012660,Normal,42.14,42.140000,-15.000000,-21.320300,8425844199618836069,null,13,2,0
698,168,5.013270,Normal,42.14,42.140000,-15.000000,-21.320300,14621272659474353369,null,13,2,0
699,173,5.013820,Normal,42.14,42.140000,-15.000000,-21.320300,3155269782914267009,null,13,2,0
700,178,5.012970,Normal,42.14,42.140000,-15.000000,-21.320300,18215276274928537877,null,13,2,0
701,184,5.013850,Normal,42.14,42.140000,-15.000000,-21.320300,8084223401637403961,null,13,2,0
702,189,5.013130,Normal,42.14,42.140000,-15.000000,-21.320300,1910673377107757451,null,13,2,0
703,194,5.013010,Normal,42.14,42.140000,-15.000000,-21.320300,10007738841025621917,null,13,2,0
704,199,5.012820,Normal,42.14,42.140000,-15.000000,-21.320300,14372522978681106881,null,13,2,0
705,205,5.013230,Normal,42.14,42.140000,-15.000000,-21.320300,17573019428040753593,null,13,2,0
706,210,5.013180,Normal,42.14,42.140000,-15.000000,-21.320300,4258506223470222772,null,13,2,0
707,215,5.013100,Normal,42.14,42.140000,-15.000000,-21.320300,15861425350241882952,null,13,2,0
708,220,5.011810,Normal,42.14,42.140000,-15.000000,-21.320300,16263694497603932382,null,13,2,0
709,226,5.013160,Normal,42.14,42.140000,-15.000000,-21.320300,1993789831777434509,null,13,2,0
710,231,5.013110,Normal,42.14,42.140000,-15.000000,-21.320300,11736902934608132603,null,13,2,0
711,236,5.013380,Normal,42.14,42.140000,-15.000000,-21.320300,9276549506164007923,null,13,2,0
712,241,5.013340,Normal,42.14,42.140000,-15.000000,-21.320300,10463261924565242323,null,13,2,0
713,247,5.013070,Normal,42.14,42.140000,-15.000000,-21.320300,431076174459764337,null,13,2,0
714,252,5.012760,Normal,42.14,42.140000,-15.000000,-21.320300,307828013365482027,null,13,2,0
715,115,5.018560,Normal,42.92,42.920000,-15.000000,-21.438100,11520996957677257726,null,14,2,0
716,121,5.009790,Normal,42.92,42.920000,-15.000000,-21.437700,12480047201640029317,null,14,2,0
717,126,5.014050,Normal,42.92,42.920000,-15.000000,-21.438100,16445482934886961798,null,14,2,0
718,131,5.014010,Normal,42.92,42.920000,-15.000000,-21.438100,14639563571976469318,null,14,2,0
719,137,5.011290,Normal,42.92,42.920000,-15.000000,-21.438100,4818376252015130714,null,14,2,0
720,142,5.012480,Normal,42.92,42.920000,-15.000000,-21.438100,941522140672213718,null,14,2,0
721,147,5.013230,Normal,42.92,42.920000,-15.000000,-21.438100,1797917095587800931,null,14,2,0
722,152,5.009630,Normal,33.6,33.600000,-15.000000,-20.039300,4023940459261819228,null,14,2,0
723,158,5.009790,Normal,33.6,33.600000,-15.000000,-20.039300,8863134353404015531,null,14,2,0
724,163,5.010910,Normal,34.29,34.290000,-15.000000,-20.144100,6684481395944504641,null,14,2,0
725,168,5.010900,Normal,33.6,33.600000,-15.000000,-20.039300,17000634253199256310,null,14,2,0
726,173,5.010060,Normal,33.6,33.600000,-15.000000,-20.039300,12885081470454820427,null,14,2,0
727,178,5.009640,Normal,33.81,33.810000,-15.000000,-20.071700,11721540121008545473,null,14,2,0
728,184,5.017010,Normal,33.6,33.600000,-15.000000,-20.039300,14550367513574059693,null,14,2,0
729,189,5.011720,Normal,33.6,33.600000,-15.000000,-20.039300,7880763317306771934,null,14,2,0
730,194,5.011950,Normal,33.6,33.600000,-15.000000,-20.039300,16429575382981353719,null,14,2,0
731,199,5.009820,Normal,33.6,33.600000,-15.000000,-20.039300,12306710856141560690,null,14,2,0
732,205,5.012020,Normal,33.6,33.600000,-15.000000,-20.039300,7505114383669159560,null,14,2,0
733,210,5.014280,Normal,33.81,33.810000,-15.000000,-20.071700,6985636704641908268,null,14,2,0
734,215,5.011770,Normal,42.92,42.920000,-15.000000,-21.437400,10041964662822336843,null,14,2,0
735,220,5.011980,Normal,33.6,33.600000,-15.000000,-20.039300,17963070867168532417,null,14,2,0
736,226,5.009680,Normal,33.6,33.600000,-15.000000,-20.039300,15336102187844197339,null,14,2,0
737,231,5.010540,Normal,33.6,33.600000,-15.000000,-20.039300,17950435356296077585,null,14,2,0
738,236,5.009590,Normal,33.6,33.600000,-15.000000,-20.039300,14509200641072300049,null,14,2,0
739,241,5.011700,Normal,33.6,33.600000,-15.000000,-20.039300,6900700974309375302,null,14,2,0
740,247,5.016130,Normal,33.91,33.910000,-15.000000,-20.086000,6034055829173343645,null,14,2,0
741,252,5.012540,Normal,33.6,33.600000,-15.000000,-20.039300,8525073897725119922,null,14,2,0
742,115,5.012380,Normal,34.13,34.130000,-15.000000,-20.119100,15913201575314634872,null,15,2,0
743,121,5.012540,Normal,34.13,34.130000,-15.000000,-20.119100,3552003049295817497,null,15,2,0
744,126,5.012230,Normal,34.13,34.130000,-15.000000,-20.119100,9220256203119217503,null,15,2,0
745,131,5.012110,Normal,34.13,34.130000,-15.000000,-20.119100,559640409785417175,null,15,2,0
746,137,5.009260,Normal,34.13,34.130000,-15.000000,-20.119100,913702063499879757,null,15,2,0
747,142,5.017750,Normal,34.13,34.130000,-15.000000,-20.119100,11698698966785397203,null,15,2,0
748,147,5.012450,Normal,34.13,34.130000,-15.000000,-20.119100,10965343675115860040,null,15,2,0
749,152,5.024870,Normal,33.83,33.830000,-15.000000,-20.074300,8872520637162717295,null,15,2,0
750,158,5.016690,Normal,33.83,33.830000,-15.000000,-20.074300,18019443419223939293,null,15,2,0
751,163,5.010630,Normal,33.83,33.830000,-15.000000,-20.074300,8942117117665807998,null,15,2,0
752,168,5.013170,Normal,33.83,33.830000,-15.000000,-20.074300,1715248469386024302,null,15,2,0
753,173,5.009710,Normal,33.83,33.830000,-15.000000,-20.074300,16795432737166864462,null,15,2,0
754,179,5.012650,Normal,34.13,34.130000,-15.000000,-20.119100,11944434745151354509,null,15,2,0
755,184,5.009850,Normal,33.83,33.830000,-15.000000,-20.074300,4460726776670798914,null,15,2,0
756,189,5.022560,Normal,33.83,33.830000,-15.000000,-20.074300,10413244065850631632,null,15,2,0
757,194,5.009020,Normal,33.69,33.690000,-15.000000,-20.053700,12709322934445787406,null,15,2,0
758,200,5.009310,Normal,33.69,33.690000,-15.000000,-20.053700,10570487416968341362,null,15,2,0
759,205,5.010020,Normal,33.69,33.690000,-15.000000,-20.053700,14900478984398237821,null,15,2,0
760,210,5.009860,Normal,33.69,33.690000,-15.000000,-20.053700,6493632429089272331,null,15,2,0
761,215,5.025770,Normal,33.83,33.830000,-15.000000,-20.074300,9003151914506548131,null,15,2,0
762,221,5.010960,Normal,33.69,33.690000,-15.000000,-20.053700,10183095352335562103,null,15,2,0
763,226,5.010470,Normal,33.69,33.690000,-15.000000,-20.053700,15156209862360812495,null,15,2,0
764,231,5.009210,Normal,33.84,33.840000,-15.000000,-20.075500,3481357251408639680,null,15,2,0
765,236,5.009210,Normal,33.69,33.690000,-15.000000,-20.053700,7286376188970909904,null,15,2,0
766,242,5.010130,Normal,33.69,33.690000,-15.000000,-20.053700,12047666069355776642,null,15,2,0
767,247,5.019510,Normal,33.69,33.690000,-15.000000,-20.053700,9103309758432869316,null,15,2,0
768,252,5.009940,Normal,33.84,33.840000,-15.000000,-20.075500,3486976096629358755,null,15,2,0
769,258,5.012101,Normal,42.5,42.500000,-15.000000,-21.375668,16314382352797148042,null,0,2,1
770,263,5.010490,Normal,42.5,42.500000,-15.000000,-21.375668,11062589349424925519,null,0,2,1
771,258,5.013685,Normal,42.5,42.500000,-15.000000,-21.375668,2089639682756332148,null,1,2,1
772,263,5.009858,Normal,42.5,42.500000,-15.000000,-21.375668,15392559531012351073,null,1,2,1
773,258,5.012434,Normal,42.5,42.500000,-15.000000,-21.375668,4492903170058334700,null,2,2,1
774,263,5.012158,Normal,42.5,42.500000,-15.000000,-21.375668,4340401817540551121,null,2,2,1
775,258,5.010011,Normal,42.5,42.500000,-15.000000,-21.375668,8908193764962911358,null,3,2,1
776,263,5.009830,Normal,42.5,42.500000,-15.000000,-21.375668,13844841060945546164,null,3,2,1
777,258,5.009921,Normal,42.5,42.500000,-15.000000,-21.375668,16196205209481076674,null,4,2,1
778,263,5.010166,Normal,42.5,42.500000,-15.000000,-21.375668,15749372872231491162,null,4,2,1
779,258,5.010204,Normal,42.5,42.500000,-15.000000,-21.375668,5289415647308276670,null,5,2,1
780,263,5.010456,Normal,42.5,42.500000,-15.000000,-21.375668,7554291236090332749,null,5,2,1
781,258,5.010026,Normal,42.5,42.500000,-15.000000,-21.375668,13419710279134952325,null,6,2,1
782,263,5.011065,Normal,33.6,33.600000,-16.000000,-21.375668,17167476778115618779,null,6,2,1
783,258,5.010776,Normal,42.92,42.920000,-15.000000,-21.437967,18016126471995552361,null,7,2,1
784,263,5.018332,Normal,33.47,33.470000,-16.000000,-21.354969,11736100799190935528,null,7,2,1
785,258,5.008499,Normal,42.92,42.920000,-15.000000,-21.437967,15488936627127783357,null,8,2,1
786,263,5.018449,Normal,42.92,42.920000,-15.000000,-21.438064,9183414570072403150,null,8,2,1
787,258,5.012521,Normal,42.92,42.920000,-15.000000,-21.437967,15865934914650752294,null,9,2,1
788,263,5.012271,Normal,42.92,42.920000,-15.000000,-21.438064,7552212821130908891,null,9,2,1
789,258,5.008717,Normal,42.92,42.920000,-15.000000,-21.437967,5915983878917985344,null,10,2,1
790,263,5.009943,Normal,42.5,42.500000,-15.000000,-21.375668,12016129585999274421,null,10,2,1
791,258,5.010448,Normal,42.5,42.500000,-15.000000,-21.375668,8765244364509820162,null,11,2,1
792,263,5.021183,Normal,42.5,42.500000,-15.000000,-21.375668,8808387593349487796,null,11,2,1
793,258,5.035568,Normal,42.92,42.920000,-15.000000,-21.438064,10966482658150159810,null,12,2,1
794,263,5.010322,Normal,33.6,33.600000,-16.000000,-21.375668,4113155623248473933,null,12,2,1
795,258,5.009842,Normal,33.6,33.600000,-16.000000,-21.375668,11492940389346819766,null,13,2,1
796,263,5.013419,Normal,42.8,42.800000,-15.000000,-21.419448,9012670878980021756,null,13,2,1
797,258,5.010434,Normal,33.6,33.600000,-16.000000,-21.375668,5823338464107592324,null,14,2,1
798,263,5.014132,Normal,42.92,42.920000,-15.000000,-21.438064,15177039679778386275,null,14,2,1
799,258,5.011414,Normal,42.8,42.800000,-15.000000,-21.419448,5036445775679916201,null,15,2,1
800,263,5.010779,Normal,42.86,42.860000,-15.000000,-21.429609,940003425282986830,null,15,2,1
801,269,5.013079,Normal,33.47,33.470000,-16.000000,-21.354969,17429026896339981360,null,0,3,0
802,274,5.018913,Normal,33.47,33.470000,-16.000000,-21.354969,8657663236005955918,null,0,3,0
803,280,5.008440,Normal,33.47,33.470000,-16.000000,-21.354969,14419271677499474420,null,0,3,0
804,285,5.009647,Normal,42.92,42.920000,-15.000000,-21.437708,9183414570072403150,null,0,3,0
805,290,5.009948,Normal,33.47,33.470000,-16.000000,-21.354969,9715638201555512321,null,0,3,0
806,295,5.011372,Normal,1.79769e+308,,,-21.429382,16709694528243903658,null,0,3,0
807,300,5.011250,Normal,33.47,33.470000,-16.000000,-21.354969,15773523208749962353,null,0,3,0
808,306,5.009000,Normal,42.37,42.370000,-15.000000,-21.354969,15783563159287845335,null,0,3,0
809,311,5.008664,Normal,33.47,33.470000,-16.000000,-21.354969,12651359385902286870,null,0,3,0
810,316,5.010461,Normal,33.53,33.530000,-16.000000,-21.365060,3163258112400730860,null,0,3,0
811,321,5.011545,Normal,33.47,33.470000,-16.000000,-21.354969,137745875306368745,null,0,3,0
812,327,5.009989,Normal,1.79769e+308,,,-21.355172,9287015657940396741,null,0,3,0
813,332,5.017805,Normal,33.47,33.470000,-16.000000,-21.354969,12146437835924263978,null,0,3,0
814,337,5.011740,Normal,33.47,33.470000,-16.000000,-21.354969,2664445902905252972,null,0,3,0
815,342,5.011692,Normal,33.47,33.470000,-16.000000,-21.354969,13945798577219750471,null,0,3,0
816,269,5.013200,Normal,35.56,35.560000,-15.000000,-20.333300,864741905528133620,null,1,3,0
817,274,5.011630,Normal,35.56,35.560000,-15.000000,-20.333300,15682522382478275366,null,1,3,0
818,280,5.010830,Normal,35.56,35.560000,-15.000000,-20.333300,4517976638330932600,null,1,3,0
819,285,5.012970,Normal,35.56,35.560000,-15.000000,-20.333300,14876465088962014152,null,1,3,0
820,290,5.011010,Normal,35.56,35.560000,-15.000000,-20.333300,17795601149889981972,null,1,3,0
821,295,5.011280,Normal,35.56,35.560000,-15.000000,-20.333300,5589121350389350828,null,1,3,0
822,300,5.010400,Normal,35.56,35.560000,-15.000000,-20.333300,1344657990346586165,null,1,3,0
823,306,5.011640,Normal,35.56,35.560000,-15.000000,-20.333300,17708204171048015160,null,1,3,0
824,311,5.010940,Normal,35.56,35.560000,-15.000000,-20.333300,4902955683584219327,null,1,3,0
825,316,5.010920,Normal,42.92,42.920000,-15.000000,-21.438100,6322908155308476023,null,1,3,0
826,321,5.011910,Normal,35.56,35.560000,-15.000000,-20.333300,16004945064512415933,null,1,3,0
827,327,5.011180,Normal,35.56,35.560000,-15.000000,-20.333300,10770941250428220968,null,1,3,0
828,332,5.012980,Normal,35.56,35.560000,-15.000000,-20.333300,473417306646619751,null,1,3,0
829,337,5.011940,Normal,35.56,35.560000,-15.000000,-20.333300,8179703812640588086,null,1,3,0
830,342,5.011500,Normal,35.56,35.560000,-15.000000,-20.333300,17234706622428293225,null,1,3,0
831,269,5.013420,Normal,42.85,42.850000,-15.000000,-21.428100,17918095326657507663,null,2,3,0
832,274,5.009310,Normal,42.53,42.530000,-15.000000,-21.380100,7458624779518496970,null,2,3,0
833,280,5.009150,Normal,42.53,42.530000,-15.000000,-21.380100,18426426275722178846,null,2,3,0
834,285,5.008660,Normal,42.53,42.530000,-15.000000,-21.380100,6099227816229956069,null,2,3,0
835,290,5.009700,Normal,42.53,42.530000,-15.000000,-21.380100,14651687366793489838,null,2,3,0
836,295,5.008700,Normal,42.53,42.530000,-15.000000,-21.380100,9006187019794690555,null,2,3,0
837,301,5.011090,Normal,42.85,42.850000,-15.000000,-21.428100,15660893771359551754,null,2,3,0
838,306,5.011330,Normal,42.53,42.530000,-15.000000,-21.380100,3745802078279516795,null,2,3,0
839,311,5.009890,Normal,42.53,42.530000,-15.000000,-21.380100,13168535210973769655,null,2,3,0
840,316,5.008510,Normal,42.53,42.530000,-15.000000,-21.380100,8688383533229153172,null,2,3,0
841,321,5.009060,Normal,42.53,42.530000,-15.000000,-21.380100,8818993286437922934,null,2,3,0
842,327,5.010980,Normal,42.85,42.850000,-15.000000,-21.428100,14577434437538666949,null,2,3,0
843,332,5.008560,Normal,42.85,42.850000,-15.000000,-21.428100,7592974901855793050,null,2,3,0
844,337,5.009540,Normal,42.53,42.530000,-15.000000,-21.380100,13843781597050121915,null,2,3,0
845,342,5.008680,Normal,42.53,42.530000,-15.000000,-21.380100,4028294096224458725,null,2,3,0
846,269,5.010550,Normal,35.56,35.560000,-15.000000,-20.333300,4921559087534877723,null,3,3,0
847,274,5.010420,Normal,34.38,34.380000,-15.000000,-20.156700,9751239938833919645,null,3,3,0
848,280,5.042130,Normal,35.56,35.560000,-15.000000,-20.333300,6225960181995090420,null,3,3,0
849,285,5.010330,Normal,34.38,34.380000,-15.000000,-20.156700,8232724327905084283,null,3,3,0
850,290,5.011880,Normal,33.98,33.980000,-15.000000,-20.097600,14806088496880786271,null,3,3,0
851,295,5.011710,Normal,33.98,33.980000,-15.000000,-20.097600,14222413443336888431,null,3,3,0
852,301,5.011830,Normal,33.98,33.980000,-15.000000,-20.097600,17995959997333724609,null,3,3,0
853,306,5.011660,Normal,33.98,33.980000,-15.000000,-20.097600,13907525717555020693,null,3,3,0
854,311,5.012100,Normal,33.98,33.980000,-15.000000,-20.097600,10463680194721928079,null,3,3,0
855,316,5.043980,Normal,34.13,34.130000,-15.000000,-20.119100,8466494886849596207,null,3,3,0
856,322,5.011820,Normal,33.98,33.980000,-15.000000,-20.097600,7588686994174556142,null,3,3,0
857,327,5.012670,Normal,33.98,33.980000,-15.000000,-20.097600,3367589085960315188,null,3,3,0
858,332,5.016990,Normal,34.29,34.290000,-15.000000,-20.144100,11156780377812250034,null,3,3,0
859,337,5.012670,Normal,33.98,33.980000,-15.000000,-20.097600,14394248160970582946,null,3,3,0
860,343,5.011830,Normal,33.98,33.980000,-15.000000,-20.097600,9068780533958509106,null,3,3,0
861,269,5.011540,Normal,1.79769e+308,,,-20.800600,15334630411018337180,null,4,3,0
862,274,5.011230,Normal,1.79769e+308,,,-20.800600,13785389460898972617,null,4,3,0
863,280,5.009560,Normal,1.79769e+308,,,-20.800600,1724613702836644478,null,4,3,0
864,285,5.011220,Normal,1.79769e+308,,,-20.800600,748707297933083032,null,4,3,0
865,290,5.011440,Normal,1.79769e+308,,,-20.086000,15342676814275812806,null,4,3,0
866,295,5.009510,Normal,1.79769e+308,,,-21.438100,16479385149494418040,null,4,3,0
867,300,5.012450,Normal,1.79769e+308,,,-21.438100,12683312712607557014,null,4,3,0
868,306,5.009810,Normal,1.79769e+308,,,-20.800600,18136668048776465249,null,4,3,0
869,311,5.011490,Normal,1.79769e+308,,,-20.800600,8063780873797334400,null,4,3,0
870,316,5.010140,Normal,1.79769e+308,,,-20.086000,7787557060162868617,null,4,3,0
871,321,5.011240,Normal,1.79769e+308,,,-20.800600,2114468899010243741,null,4,3,0
872,327,5.011260,Normal,1.79769e+308,,,-20.800600,3740479222612898974,null,4,3,0
873,332,5.010720,Normal,1.79769e+308,,,-20.800600,10154984888724034792,null,4,3,0
874,337,5.011340,Normal,1.79769e+308,,,-20.800600,7299687928418783676,null,4,3,0
875,342,5.011310,Normal,1.79769e+308,,,-20.800600,8698643040909409651,null,4,3,0
876,269,5.010500,Normal,38.67,38.670000,-15.000000,-20.800600,217131423714010147,null,5,3,0
877,274,5.011970,Normal,38.67,38.670000,-15.000000,-20.800600,2520308877108491388,null,5,3,0
878,280,5.011510,Normal,33.83,33.830000,-15.000000,-20.074300,9451764278620976953,null,5,3,0
879,285,5.011630,Normal,33.91,33.910000,-15.000000,-20.086000,15738924891709561974,null,5,3,0
880,290,5.011080,Normal,33.83,33.830000,-15.000000,-20.074300,16486009724858051050,null,5,3,0
881,295,5.011490,Normal,33.55,33.550000,-15.000000,-20.032700,5745767331377513500,null,5,3,0
882,301,5.009640,Normal,1.79769e+308,,,-20.010700,18134011803863951869,null,5,3,0
883,306,5.011960,Normal,33.55,33.550000,-15.000000,-20.032700,6227455361292827199,null,5,3,0
884,311,5.010980,Normal,33.55,33.550000,-15.000000,-20.032700,1066816188921402670,null,5,3,0
885,316,5.012710,Normal,33.55,33.550000,-15.000000,-20.032700,9063910610842188778,null,5,3,0
886,322,5.012770,Normal,33.55,33.550000,-15.000000,-20.032700,9872335010859693895,null,5,3,0
887,327,5.014250,Normal,33.72,33.720000,-15.000000,-20.058300,4255288469463948202,null,5,3,0
888,332,5.011910,Normal,33.97,33.970000,-15.000000,-20.095100,5672449791697217399,null,5,3,0
889,337,5.012190,Normal,33.55,33.550000,-15.000000,-20.032700,15850019586015047075,null,5,3,0
890,343,5.014060,Normal,33.55,33.550000,-15.000000,-20.032700,4964161390175156560,null,5,3,0
891,269,5.013850,Normal,34.13,34.130000,-15.000000,-20.119100,15036706085003512770,null,6,3,0
892,274,5.014320,Normal,34.13,34.130000,-15.000000,-20.119100,3861022165253276064,null,6,3,0
893,280,5.013950,Normal,34.13,34.130000,-15.000000,-20.119100,11058367319157890057,null,6,3,0
894,285,5.014260,Normal,34.13,34.130000,-15.000000,-20.119100,17306662653758026616,null,6,3,0
895,290,5.014380,Normal,34.13,34.130000,-15.000000,-20.119100,17964475193446155101,null,6,3,0
896,295,5.010990,Normal,1.79769e+308,,,-20.091800,12095289344008871554,null,6,3,0
897,300,5.011890,Normal,36.56,36.560000,-15.000000,-20.484400,7824928264203486521,null,6,3,0
898,306,5.013990,Normal,34.13,34.130000,-15.000000,-20.119100,13806771653331944045,null,6,3,0
899,311,5.012000,Normal,34.13,34.130000,-15.000000,-20.119100,13036825680735830728,null,6,3,0
900,316,5.013880,Normal,34.13,34.130000,-15.000000,-20.119100,3855064514704378572,null,6,3,0
901,321,5.011190,Normal,30,30.000000,-16.000000,-20.800600,7863986825568056674,null,6,3,0
902,327,5.011850,Normal,30,30.000000,-16.000000,-20.800600,7558143877163953688,null,6,3,0
903,332,5.011120,Normal,30,30.000000,-16.000000,-20.800600,859171241136933744,null,6,3,0
904,337,5.011500,Normal,30,30.000000,-16.000000,-20.800600,9066689819807940215,null,6,3,0
905,342,5.011070,Normal,30,30.000000,-16.000000,-20.800600,18062536598187878176,null,6,3,0
906,269,5.014460,Normal,42.8,42.800000,-15.000000,-21.420600,6305351202226562984,null,7,3,0
907,274,5.014000,Normal,42.8,42.800000,-15.000000,-21.420600,1268193490558964543,null,7,3,0
908,280,5.012880,Normal,42.8,42.800000,-15.000000,-21.420600,17561450908225204767,null,7,3,0
909,285,5.014660,Normal,42.8,42.800000,-15.000000,-21.420600,3961701548708594564,null,7,3,0
910,290,5.013290,Normal,42.8,42.800000,-15.000000,-21.420600,5348771406645466455,null,7,3,0
911,295,5.013950,Normal,42.8,42.800000,-15.000000,-21.420600,4475673566950898283,null,7,3,0
912,301,5.014230,Normal,42.8,42.800000,-15.000000,-21.420600,505086329330796025,null,7,3,0
913,306,5.014470,Normal,42.74,42.740000,-15.000000,-21.410600,15558848840195859166,null,7,3,0
914,311,5.014250,Normal,42.74,42.740000,-15.000000,-21.410600,18140616729646721916,null,7,3,0
915,316,5.014160,Normal,42.74,42.740000,-15.000000,-21.410600,14653907550978929845,null,7,3,0
916,322,5.012510,Normal,42.74,42.740000,-15.000000,-21.410600,12821247672762051724,null,7,3,0
917,327,5.015410,Normal,42.74,42.740000,-15.000000,-21.410600,4437139736258491848,null,7,3,0
918,332,5.014010,Normal,42.71,42.710000,-15.000000,-21.407000,5353391835471472596,null,7,3,0
919,337,5.015570,Normal,42.71,42.710000,-15.000000,-21.407000,1608983633789079315,null,7,3,0
920,343,5.013830,Normal,42.71,42.710000,-15.000000,-21.407000,7793911789880292065,null,7,3,0
921,269,5.010290,Normal,38.67,38.670000,-15.000000,-20.800600,10264876263930992971,null,8,3,0
922,274,5.010660,Normal,38.67,38.670000,-15.000000,-20.800600,11820890143419616444,null,8,3,0
923,280,5.012490,Normal,38.67,38.670000,-15.000000,-20.800600,11380981824254909372,null,8,3,0
924,285,5.011970,Normal,38.67,38.670000,-15.000000,-20.800600,14355763274178692672,null,8,3,0
925,290,5.012210,Normal,35.56,35.560000,-15.000000,-20.333300,9553385274680812653,null,8,3,0
926,295,5.012210,Normal,35.56,35.560000,-15.000000,-20.333300,8710781171623595120,null,8,3,0
927,301,5.011780,Normal,35.56,35.560000,-15.000000,-20.333300,17240219978487752371,null,8,3,0
928,306,5.012010,Normal,34.9,34.900000,-15.000000,-20.235300,11398711431194040355,null,8,3,0
929,311,5.011690,Normal,34.9,34.900000,-15.000000,-20.235300,5372984874017235666,null,8,3,0
930,316,5.011770,Normal,34.9,34.900000,-15.000000,-20.235300,14854706908176890129,null,8,3,0
931,322,5.011270,Normal,33.81,33.810000,-15.000000,-20.071700,17060003767595389762,null,8,3,0
932,327,5.011700,Normal,33.81,33.810000,-15.000000,-20.071700,16894375152965227653,null,8,3,0
933,332,5.011890,Normal,33.81,33.810000,-15.000000,-20.071700,11702829629208328593,null,8,3,0
934,337,5.011860,Normal,33.81,33.810000,-15.000000,-20.071700,9602224065323088938,null,8,3,0
935,342,5.010770,Normal,33.81,33.810000,-15.000000,-20.071700,9934119324238135648,null,8,3,0
936,269,5.015390,Normal,42.92,42.920000,-15.000000,-21.438100,2130034644380282770,null,9,3,0
937,274,5.026530,Normal,42.92,42.920000,-15.000000,-21.438100,8933803746406710495,null,9,3,0
938,280,5.020790,Normal,42.92,42.920000,-15.000000,-21.438100,6889578163363244240,null,9,3,0
939,285,5.020770,Normal,42.92,42.920000,-15.000000,-21.438100,533607612471476453,null,9,3,0
940,290,5.010180,Normal,42.86,42.860000,-15.000000,-21.429600,13052689731766961847,null,9,3,0
941,295,5.014100,Normal,42.86,42.860000,-15.000000,-21.429600,4424322245531899606,null,9,3,0
942,301,5.014220,Normal,42.86,42.860000,-15.000000,-21.429600,10703871302792370958,null,9,3,0
943,306,5.014330,Normal,42.86,42.860000,-15.000000,-21.429600,15104148448743813710,null,9,3,0
944,311,5.014280,Normal,42.86,42.860000,-15.000000,-21.429600,5362019982329295948,null,9,3,0
945,316,5.014160,Normal,42.86,42.860000,-15.000000,-21.429600,16459823561659544665,null,9,3,0
946,322,5.014390,Normal,42.86,42.860000,-15.000000,-21.429600,4151054572502143668,null,9,3,0
947,327,5.014500,Normal,42.86,42.860000,-15.000000,-21.429600,2986385957054989957,null,9,3,0
948,332,5.014200,Normal,42.86,42.860000,-15.000000,-21.429600,1283438107892336626,null,9,3,0
949,337,5.014350,Normal,42.86,42.860000,-15.000000,-21.429600,9703467237281366835,null,9,3,0
950,342,5.012720,Normal,42.79,42.790000,-15.000000,-21.419100,5544513678566310305,null,9,3,0
951,269,5.012820,Normal,42.92,42.920000,-15.000000,-21.438100,10807093257263163608,null,10,3,0
952,274,5.012940,Normal,42.92,42.920000,-15.000000,-21.438100,608852738753869539,null,10,3,0
953,280,5.011820,Normal,42.92,42.920000,-15.000000,-21.438100,3772594516752549267,null,10,3,0
954,285,5.013060,Normal,42.92,42.920000,-15.000000,-21.438100,3059530938644500569,null,10,3,0
955,290,5.013310,Normal,42.92,42.920000,-15.000000,-21.438100,12359799125165667409,null,10,3,0
956,295,5.012750,Normal,42.92,42.920000,-15.000000,-21.438100,3364094464332009006,null,10,3,0
957,300,5.012530,Normal,42.92,42.920000,-15.000000,-21.438100,1174521884749702951,null,10,3,0
958,306,5.014000,Normal,42.92,42.920000,-15.000000,-21.438100,7588555120511474798,null,10,3,0
959,311,5.012440,Normal,42.92,42.920000,-15.000000,-21.438100,3445136764108279525,null,10,3,0
960,316,5.011170,Normal,1.79769e+308,,,-21.406900,743439386576115232,null,10,3,0
961,321,5.022560,Normal,42.92,42.920000,-15.000000,-21.438100,15199049410437672369,null,10,3,0
962,327,5.013900,Normal,42.92,42.920000,-15.000000,-21.438100,13636209094697812961,null,10,3,0
963,332,5.012190,Normal,42.92,42.920000,-15.000000,-21.438100,10000016201630534992,null,10,3,0
964,337,5.012650,Normal,42.92,42.920000,-15.000000,-21.438100,12502942886754140691,null,10,3,0
965,342,5.013970,Normal,42.92,42.920000,-15.000000,-21.438100,13843849166415388691,null,10,3,0
966,269,5.009210,Normal,33.95,33.950000,-15.000000,-20.091800,9974514504930533591,null,11,3,0
967,274,5.009370,Normal,36.56,36.560000,-15.000000,-20.484400,13504287837215000662,null,11,3,0
968,279,5.009830,Normal,33.95,33.950000,-15.000000,-20.091800,9460737812255623316,null,11,3,0
969,285,5.031170,Normal,33.95,33.950000,-15.000000,-20.091800,11113713755661684907,null,11,3,0
970,290,5.015870,Normal,33.69,33.690000,-15.000000,-20.053700,15780650067335200769,null,11,3,0
971,295,5.012390,Normal,33.69,33.690000,-15.000000,-20.053700,8707111174053276420,null,11,3,0
972,301,5.009900,Normal,33.83,33.830000,-15.000000,-20.074300,6453610755862360484,null,11,3,0
973,306,5.012400,Normal,33.69,33.690000,-15.000000,-20.053700,8286247042360438551,null,11,3,0
974,311,5.010100,Normal,33.69,33.690000,-15.000000,-20.053700,15984743417697048847,null,11,3,0
975,316,5.012590,Normal,33.69,33.690000,-15.000000,-20.053700,8326840359569919235,null,11,3,0
976,321,5.010090,Normal,33.69,33.690000,-15.000000,-20.053700,13392231964894788895,null,11,3,0
977,327,5.010210,Normal,33.69,33.690000,-15.000000,-20.053700,11305213267972821334,null,11,3,0
978,332,5.009650,Normal,33.69,33.690000,-15.000000,-20.053700,10683765811490937898,null,11,3,0
979,337,5.012420,Normal,42.92,42.920000,-15.000000,-21.438100,4024678583425820463,null,11,3,0
980,342,5.009100,Normal,33.55,33.550000,-15.000000,-20.032700,5608995714456211202,null,11,3,0
981,269,5.012470,Normal,34.9,34.900000,-15.000000,-20.235300,5218357504159589703,null,12,3,0
982,274,5.012560,Normal,34.9,34.900000,-15.000000,-20.235300,14637237681507026235,null,12,3,0
983,280,5.011660,Normal,34.78,34.780000,-15.000000,-20.216800,9529580981771966037,null,12,3,0
984,285,5.012350,Normal,34.9,34.900000,-15.000000,-20.235300,9062437837026620802,null,12,3,0
985,290,5.012480,Normal,34.9,34.900000,-15.000000,-20.235300,853786661410263221,null,12,3,0
986,295,5.011370,Normal,38.58,38.580000,-15.000000,-20.786700,13125328050240982575,null,12,3,0
987,301,5.015400,Normal,34.78,34.780000,-15.000000,-20.216800,6449841582082989641,null,12,3,0
988,306,5.011470,Normal,34.78,34.780000,-15.000000,-20.216800,17432985761243877242,null,12,3,0
989,311,5.011470,Normal,34.78,34.780000,-15.000000,-20.216800,9006495637164661675,null,12,3,0
990,316,5.012570,Normal,34.78,34.780000,-15.000000,-20.216800,11888697878181977168,null,12,3,0
991,322,5.011680,Normal,34.78,34.780000,-15.000000,-20.216800,15175181260974766111,null,12,3,0
992,327,5.016470,Normal,34.78,34.780000,-15.000000,-20.216800,5631324098767538460,null,12,3,0
993,332,5.011870,Normal,34.78,34.780000,-15.000000,-20.216800,10861428220519360479,null,12,3,0
994,337,5.012270,Normal,34.78,34.780000,-15.000000,-20.216800,11732814767283857333,null,12,3,0
995,343,5.015930,Normal,34.19,34.190000,-15.000000,-20.127900,87022264958723524,null,12,3,0
996,269,5.011750,Normal,42.66,42.660000,-15.000000,-21.398500,2163357327144794543,null,13,3,0
997,274,5.013890,Normal,1.79769e+308,,,-21.392300,17384653883147449721,null,13,3,0
998,280,5.015280,Normal,42.66,42.660000,-15.000000,-21.398500,6320008951647689166,null,13,3,0
999,285,5.012530,Normal,42.66,42.660000,-15.000000,-21.398500,16655129705094620569,null,13,3,0
1000,290,5.014390,Normal,42.66,42.660000,-15.000000,-21.398500,13627872292446603315,null,13,3,0
1001,295,5.009590,Normal,42.66,42.660000,-15.000000,-21.398500,10240322246142282047,null,13,3,0
1002,300,5.012780,Normal,42.66,42.660000,-15.000000,-21.398500,17021824932922235808,null,13,3,0
1003,306,5.011530,Normal,42.66,42.660000,-15.000000,-21.398500,6085497128788373165,null,13,3,0
1004,311,5.017700,Normal,42.66,42.660000,-15.000000,-21.398500,6362176579912267202,null,13,3,0
1005,316,5.011430,Normal,42.66,42.660000,-15.000000,-21.398500,18344946447886488408,null,13,3,0
1006,321,5.011370,Normal,42.66,42.660000,-15.000000,-21.398500,10451346719418131823,null,13,3,0
1007,327,5.011340,Normal,42.66,42.660000,-15.000000,-21.398500,14860824721414476550,null,13,3,0
1008,332,5.011390,Normal,42.66,42.660000,-15.000000,-21.398500,1566502517529466163,null,13,3,0
1009,337,5.011340,Normal,42.66,42.660000,-15.000000,-21.398500,13411340464660064364,null,13,3,0
1010,342,5.019610,Normal,42.64,42.640000,-15.000000,-21.396000,7046407325583315622,null,13,3,0
1011,269,5.015350,Normal,42.92,42.920000,-15.000000,-21.438100,9226104879888238787,null,14,3,0
1012,274,5.014970,Normal,42.92,42.920000,-15.000000,-21.438100,7038538305026586829,null,14,3,0
1013,280,5.014940,Normal,42.92,42.920000,-15.000000,-21.438100,4679309359368322820,null,14,3,0
1014,285,5.014950,Normal,42.92,42.920000,-15.000000,-21.438100,15299511726682837749,null,14,3,0
1015,290,5.014350,Normal,42.92,42.920000,-15.000000,-21.438100,15182779420275743654,null,14,3,0
1016,295,5.015140,Normal,42.92,42.920000,-15.000000,-21.438100,2556814902959631496,null,14,3,0
1017,301,5.013920,Normal,42.92,42.920000,-15.000000,-21.438100,3093514821657241622,null,14,3,0
1018,306,5.010790,Normal,53.13,53.130000,-14.000000,-21.438000,13537923673001331218,null,14,3,0
1019,311,5.011970,Normal,42.92,42.920000,-15.000000,-21.438100,1688533207281375183,null,14,3,0
1020,316,5.012120,Normal,42.92,42.920000,-15.000000,-21.438100,12973444753803975054,null,14,3,0
1021,321,5.012060,Normal,42.92,42.920000,-15.000000,-21.438100,1427932064256406222,null,14,3,0
1022,327,5.012290,Normal,42.92,42.920000,-15.000000,-21.438100,6695343250036375086,null,14,3,0
1023,332,5.010180,Normal,42.14,42.140000,-15.000000,-21.320300,17783663683052626780,null,14,3,0
1024,337,5.010110,Normal,42.14,42.140000,-15.000000,-21.320300,895014565532977502,null,14,3,0
1025,342,5.011910,Normal,41.93,41.930000,-15.000000,-21.288900,1025575652823399093,null,14,3,0
1026,269,5.008700,Normal,33.81,33.810000,-15.000000,-20.071700,6801972044287229600,null,15,3,0
1027,274,5.008690,Normal,33.81,33.810000,-15.000000,-20.071700,622596319270674258,null,15,3,0
1028,280,5.008510,Normal,33.81,33.810000,-15.000000,-20.071700,14854054931684925002,null,15,3,0
1029,285,5.008610,Normal,33.81,33.810000,-15.000000,-20.071700,15845020507007808658,null,15,3,0
1030,290,5.010800,Normal,33.81,33.810000,-15.000000,-20.071700,11974565002698222274,null,15,3,0
1031,295,5.008150,Normal,33.81,33.810000,-15.000000,-20.071700,78954646671015292,null,15,3,0
1032,300,5.008530,Normal,33.72,33.720000,-15.000000,-20.058300,12445700001579480624,null,15,3,0
1033,306,5.008540,Normal,33.72,33.720000,-15.000000,-20.058300,4004680692026001094,null,15,3,0
1034,311,5.035100,Normal,33.72,33.720000,-15.000000,-20.058300,8608000409942253868,null,15,3,0
1035,316,5.008630,Normal,33.81,33.810000,-15.000000,-20.071700,945318116309998279,null,15,3,0
1036,322,5.011620,Normal,33.72,33.720000,-15.000000,-20.058300,6275873782617982567,null,15,3,0
1037,327,5.013530,Normal,33.72,33.720000,-15.000000,-20.058300,15648358373562753584,null,15,3,0
1038,332,5.027360,Normal,33.72,33.720000,-15.000000,-20.058300,16652926472705835119,null,15,3,0
1039,337,5.008280,Normal,33.81,33.810000,-15.000000,-20.071700,12507613987464524836,null,15,3,0
1040,342,5.008120,Normal,42.92,42.920000,-15.000000,-21.438100,11265637117217976116,null,15,3,0
1041,415,71.640378,WatchdogAbortRequested,3557.14,3557.140000,-14.000000,-512.000000,7795266066800374534,null,0,3,1
1042,420,5.008805,Normal,30,30.000000,-16.000000,-20.800598,11513250452065935323,null,0,3,1
1043,348,5.014044,Normal,30,30.000000,-16.000000,-20.800598,5486881314024597000,null,1,3,1
1044,420,5.012401,Normal,30,30.000000,-16.000000,-20.800598,1672095735404414582,null,1,3,1
1045,348,5.008911,Normal,30,30.000000,-16.000000,-20.800598,17779412689142358950,null,2,3,1
1046,420,5.008929,Normal,30,30.000000,-16.000000,-20.800598,11375635672425484017,null,2,3,1
1047,348,5.011729,Normal,42.92,42.920000,-15.000000,-21.438064,18411172471805920291,null,3,3,1
1048,420,5.014755,Normal,38.67,38.670000,-15.000000,-20.800598,12967705053745779363,null,3,3,1
1049,348,5.011600,Normal,30,30.000000,-16.000000,-20.800598,18214471473758934288,null,4,3,1
1050,420,5.012561,Normal,38.67,38.670000,-15.000000,-20.800598,8172623600313315068,null,4,3,1
1051,348,5.011253,Normal,42.92,42.920000,-15.000000,-21.438064,10232255219922889548,null,5,3,1
1052,420,5.010352,Normal,30,30.000000,-16.000000,-20.800598,11139911400847141924,null,5,3,1
1053,348,5.011038,Normal,30,30.000000,-16.000000,-20.800598,14478531459606604386,null,6,3,1
1054,420,5.011603,Normal,30,30.000000,-16.000000,-20.800598,17498982775788367356,null,6,3,1
1055,348,5.012337,Normal,30,30.000000,-16.000000,-20.800598,1545948417756175425,null,7,3,1
1056,420,5.011347,Normal,30,30.000000,-16.000000,-20.800598,6148797177032376054,null,7,3,1
1057,348,5.010054,Normal,30,30.000000,-16.000000,-20.800598,10881074927898081539,null,8,3,1
1058,420,5.009316,Normal,30,30.000000,-16.000000,-20.800598,4015023474944724605,null,8,3,1
1059,348,5.014703,Normal,30,30.000000,-16.000000,-20.800598,9361989087308949015,null,9,3,1
1060,420,5.011855,Normal,30,30.000000,-16.000000,-20.800598,4533580024611539581,null,9,3,1
1061,348,5.012680,Normal,30,30.000000,-16.000000,-20.800598,13006088369824826470,null,10,3,1
1062,420,5.012169,Normal,30,30.000000,-16.000000,-20.800598,18434380382124126261,null,10,3,1
1063,348,5.011774,Normal,30,30.000000,-16.000000,-20.800598,4361371481454418518,null,11,3,1
1064,420,5.012060,Normal,30,30.000000,-16.000000,-20.800598,6164152213243627134,null,11,3,1
1065,348,5.008906,Normal,30,30.000000,-16.000000,-20.800598,561171249119098919,null,12,3,1
1066,420,5.008911,Normal,30,30.000000,-16.000000,-20.800598,6288483468140644983,null,12,3,1
1067,348,5.008782,Normal,30,30.000000,-16.000000,-20.800598,4866706845856430831,null,13,3,1
1068,420,5.008982,Normal,30,30.000000,-16.000000,-20.800598,1750729079979202211,null,13,3,1
1069,348,5.009988,Normal,30,30.000000,-16.000000,-20.800598,5257876956942325417,null,14,3,1
1070,420,5.009169,Normal,30,30.000000,-16.000000,-20.800598,11697273091464882032,null,14,3,1
1071,348,5.010939,Normal,30,30.000000,-16.000000,-20.800598,12507327223075224096,null,15,3,1
1072,420,5.008862,Normal,30,30.000000,-16.000000,-20.800598,417091563060801486,null,15,3,1
1073,426,5.008437,Normal,30,30.000000,-16.000000,-20.800598,16239233279345001766,null,0,4,0
1074,431,5.008525,Normal,30,30.000000,-16.000000,-20.800598,2784671497660791599,null,0,4,0
1075,436,5.008588,Normal,42.92,42.920000,-15.000000,-21.438064,10232255219922889548,null,0,4,0
1076,442,5.011541,Normal,42.92,42.920000,-15.000000,-21.438064,6375913375390976493,null,0,4,0
1077,447,5.008360,Normal,38.67,38.670000,-15.000000,-20.800598,6290007535305239740,null,0,4,0
1078,452,5.008919,Normal,30,30.000000,-16.000000,-20.800598,13167730799374132672,null,0,4,0
1079,457,5.008777,Normal,30,30.000000,-16.000000,-20.800598,14550569130657931669,null,0,4,0
1080,426,5.013060,Normal,42.92,42.920000,-15.000000,-21.438100,10238270877338734519,null,1,4,0
1081,431,5.013640,Normal,42.92,42.920000,-15.000000,-21.438100,17559313070332872860,null,1,4,0
1082,436,5.013530,Normal,42.92,42.920000,-15.000000,-21.438100,5970179285962400997,null,1,4,0
1083,442,5.013600,Normal,42.92,42.920000,-15.000000,-21.438100,9890047114504038340,null,1,4,0
1084,447,5.013490,Normal,42.92,42.920000,-15.000000,-21.438100,8613962282284690315,null,1,4,0
1085,452,5.013440,Normal,42.92,42.920000,-15.000000,-21.438100,7582160366759984987,null,1,4,0
1086,457,5.013530,Normal,42.92,42.920000,-15.000000,-21.438100,7191819643465646875,null,1,4,0
1087,426,5.014640,Normal,38.67,38.670000,-15.000000,-20.800600,8995391154350164860,null,2,4,0
1088,431,5.015170,Normal,38.67,38.670000,-15.000000,-20.800600,13312886074815151185,null,2,4,0
1089,436,5.012220,Normal,42.8,42.800000,-15.000000,-21.420600,13038545172246728461,null,2,4,0
1090,442,5.015460,Normal,38.67,38.670000,-15.000000,-20.800600,15369535525938947820,null,2,4,0
1091,447,5.015590,Normal,38.67,38.670000,-15.000000,-20.800600,9242822069445781831,null,2,4,0
1092,452,5.012800,Normal,36.56,36.560000,-15.000000,-20.484400,16679233824877520448,null,2,4,0
1093,458,5.012170,Normal,36.56,36.560000,-15.000000,-20.484400,16831487899850882628,null,2,4,0
1094,426,5.012060,Normal,33.95,33.950000,-15.000000,-20.091800,4476934107725449953,null,3,4,0
1095,431,5.012670,Normal,33.95,33.950000,-15.000000,-20.091800,9358237467020261212,null,3,4,0
1096,436,5.010490,Normal,34.4,34.400000,-15.000000,-20.159900,17623673313274443323,null,3,4,0
1097,442,5.012010,Normal,33.84,33.840000,-15.000000,-20.075500,15375289826315196297,null,3,4,0
1098,447,5.013270,Normal,33.84,33.840000,-15.000000,-20.075500,12816708134741733714,null,3,4,0
1099,452,5.011090,Normal,33.95,33.950000,-15.000000,-20.091800,12918590194443346522,null,3,4,0
1100,458,5.034750,Normal,33.84,33.840000,-15.000000,-20.075500,15787220312143864824,null,3,4,0
1101,426,5.016940,Normal,42.92,42.920000,-15.000000,-21.438100,10451252094912325135,null,4,4,0
1102,431,5.014530,Normal,42.92,42.920000,-15.000000,-21.438100,505462305767134547,null,4,4,0
1103,436,5.017170,Normal,42.92,42.920000,-15.000000,-21.438100,15736014010299336295,null,4,4,0
1104,442,5.017300,Normal,42.92,42.920000,-15.000000,-21.438100,8239542163035469234,null,4,4,0
1105,447,5.016600,Normal,42.92,42.920000,-15.000000,-21.438100,6703123500812869375,null,4,4,0
1106,452,5.015590,Normal,42.92,42.920000,-15.000000,-21.438100,4451391448412797919,null,4,4,0
1107,457,5.016160,Normal,42.92,42.920000,-15.000000,-21.438100,848033322368621339,null,4,4,0
1108,426,5.055690,Normal,42.92,42.920000,-15.000000,-21.438100,1808601951674784346,null,5,4,0
1109,431,5.058700,Normal,42.92,42.920000,-15.000000,-21.438100,8076034520445434702,null,5,4,0
1110,437,5.060400,Normal,36.56,36.560000,-15.000000,-20.483900,675755844068684455,null,5,4,0
1111,442,5.044370,Normal,36.56,36.560000,-15.000000,-20.483900,11372891563041948654,null,5,4,0
1112,447,5.054850,Normal,36.56,36.560000,-15.000000,-20.483900,13067777910675129121,null,5,4,0
1113,453,5.049380,Normal,36.56,36.560000,-15.000000,-20.483900,15107574928084088402,null,5,4,0
1114,458,5.061070,Normal,36.56,36.560000,-15.000000,-20.483900,10882780045142829039,null,5,4,0
1115,426,5.011630,Normal,38.67,38.670000,-15.000000,-20.800600,8917727472366106268,null,6,4,0
1116,431,5.011310,Normal,38.67,38.670000,-15.000000,-20.800600,9415777844689576193,null,6,4,0
1117,436,5.012810,Normal,1.79769e+308,,,-21.438100,10123823631890217385,null,6,4,0
1118,442,5.010080,Normal,38.67,38.670000,-15.000000,-20.800600,3814565191987210995,null,6,4,0
1119,447,5.010970,Normal,38.67,38.670000,-15.000000,-20.800600,6879526377380338633,null,6,4,0
1120,452,5.011010,Normal,38.67,38.670000,-15.000000,-20.800600,259150597645603268,null,6,4,0
1121,457,5.011000,Normal,38.67,38.670000,-15.000000,-20.800600,2258668522431132211,null,6,4,0
1122,426,5.012540,Normal,42.86,42.860000,-15.000000,-21.429600,18369526892445174087,null,7,4,0
1123,431,5.014930,Normal,42.86,42.860000,-15.000000,-21.429600,1966314374021967146,null,7,4,0
1124,436,5.012480,Normal,42.86,42.860000,-15.000000,-21.429600,1579244000812815000,null,7,4,0
1125,442,5.013880,Normal,42.86,42.860000,-15.000000,-21.429600,5902286356396224140,null,7,4,0
1126,447,5.015620,Normal,42.86,42.860000,-15.000000,-21.429600,2032566587138412994,null,7,4,0
1127,452,5.014720,Normal,42.86,42.860000,-15.000000,-21.429600,13129143513542376945,null,7,4,0
1128,457,5.015370,Normal,42.92,42.920000,-15.000000,-21.438100,11282654712515896186,null,7,4,0
1129,426,5.014750,Normal,42.92,42.920000,-15.000000,-21.438100,3551925043983142221,null,8,4,0
1130,431,5.013210,Normal,42.92,42.920000,-15.000000,-21.438100,5720613226028482931,null,8,4,0
1131,436,5.013230,Normal,42.92,42.920000,-15.000000,-21.438100,17906820685200140484,null,8,4,0
1132,442,5.013240,Normal,42.92,42.920000,-15.000000,-21.438100,7733013818923448972,null,8,4,0
1133,447,5.013660,Normal,42.92,42.920000,-15.000000,-21.438100,11091595046070193592,null,8,4,0
1134,452,5.012930,Normal,42.92,42.920000,-15.000000,-21.438100,6515455058548464064,null,8,4,0
1135,457,5.012350,Normal,42.92,42.920000,-15.000000,-21.438100,5390776035840239826,null,8,4,0
1136,426,5.014150,Normal,42.92,42.920000,-15.000000,-21.438100,9676209130738966639,null,9,4,0
1137,431,5.014730,Normal,42.92,42.920000,-15.000000,-21.438100,5968190134802744690,null,9,4,0
1138,437,5.014310,Normal,42.92,42.920000,-15.000000,-21.438100,6559853614308079798,null,9,4,0
1139,442,5.014520,Normal,42.92,42.920000,-15.000000,-21.438100,2168107112245907061,null,9,4,0
1140,447,5.014660,Normal,36.56,36.560000,-15.000000,-20.484400,9031834856342059452,null,9,4,0
1141,452,5.012380,Normal,36.56,36.560000,-15.000000,-20.484400,14154203348017857168,null,9,4,0
1142,458,5.012260,Normal,36.56,36.560000,-15.000000,-20.484400,4090487487142607468,null,9,4,0
1143,426,5.011790,Normal,42.92,42.920000,-15.000000,-21.438100,17005152173952164667,null,10,4,0
1144,431,5.011360,Normal,42.92,42.920000,-15.000000,-21.438100,12060739725041208985,null,10,4,0
1145,436,5.013490,Normal,42.92,42.920000,-15.000000,-21.438100,3210602952919270652,null,10,4,0
1146,442,5.011870,Normal,42.92,42.920000,-15.000000,-21.438100,8929899778941173462,null,10,4,0
1147,447,5.014550,Normal,42.92,42.920000,-15.000000,-21.438100,470650905338710803,null,10,4,0
1148,452,5.011670,Normal,42.92,42.920000,-15.000000,-21.438100,469453913376768288,null,10,4,0
1149,457,5.011720,Normal,42.92,42.920000,-15.000000,-21.438100,15847686782698838872,null,10,4,0
1150,426,5.025600,Normal,42.8,42.800000,-15.000000,-21.420600,4717823108196597978,null,11,4,0
1151,431,5.019690,Normal,42.8,42.800000,-15.000000,-21.420600,2048616247589472561,null,11,4,0
1152,437,5.022090,Normal,42.8,42.800000,-15.000000,-21.420600,7818704638013035478,null,11,4,0
1153,442,5.028860,Normal,42.8,42.800000,-15.000000,-21.420600,1204391100456777033,null,11,4,0
1154,447,5.020270,Normal,42.8,42.800000,-15.000000,-21.420600,8230571270284267247,null,11,4,0
1155,452,5.020770,Normal,42.8,42.800000,-15.000000,-21.420600,9227606167962464409,null,11,4,0
1156,458,5.022870,Normal,42.8,42.800000,-15.000000,-21.420600,1896192488953501256,null,11,4,0
1157,426,5.016000,Normal,36.05,36.050000,-15.000000,-20.407700,18058073219655869541,null,12,4,0
1158,431,5.038840,Normal,36.05,36.050000,-15.000000,-20.407700,1627568536689993048,null,12,4,0
1159,437,5.008450,Normal,36.05,36.050000,-15.000000,-20.407700,9992594659052955842,null,12,4,0
1160,442,5.009440,Normal,36.05,36.050000,-15.000000,-20.407700,10649032425496477832,null,12,4,0
1161,447,5.009820,Normal,36.05,36.050000,-15.000000,-20.407700,18001833390062186206,null,12,4,0
1162,452,5.015880,Normal,36.05,36.050000,-15.000000,-20.407700,10587878675389661784,null,12,4,0
1163,457,5.009780,Normal,36.05,36.050000,-15.000000,-20.407700,12741655436292599248,null,12,4,0
1164,426,5.009820,Normal,42.71,42.710000,-15.000000,-21.407000,14941016502117525593,null,13,4,0
1165,431,5.017310,Normal,42.71,42.710000,-15.000000,-21.407000,3107391135852856188,null,13,4,0
1166,436,5.008470,Normal,42.71,42.710000,-15.000000,-21.407000,5121300441570510224,null,13,4,0
1167,442,5.009700,Normal,42.71,42.710000,-15.000000,-21.407000,11557796751285406914,null,13,4,0
1168,447,5.009550,Normal,42.71,42.710000,-15.000000,-21.407000,9231272846347398240,null,13,4,0
1169,452,5.009680,Normal,42.71,42.710000,-15.000000,-21.407000,6710942098219884301,null,13,4,0
1170,457,5.009490,Normal,42.71,42.710000,-15.000000,-21.407000,4169177905893914868,null,13,4,0
1171,426,5.011460,Normal,36.05,36.050000,-15.000000,-20.407700,5790398830827130713,null,14,4,0
1172,431,5.011280,Normal,36.05,36.050000,-15.000000,-20.407700,8190607048522562958,null,14,4,0
1173,436,5.012870,Normal,34.9,34.900000,-15.000000,-20.235300,16704007724163051988,null,14,4,0
1174,442,5.011120,Normal,34.9,34.900000,-15.000000,-20.235300,16543190368575431141,null,14,4,0
1175,447,5.018000,Normal,33.81,33.810000,-15.000000,-20.071700,574936919809285486,null,14,4,0
1176,452,5.011590,Normal,33.81,33.810000,-15.000000,-20.071700,11782224241936058942,null,14,4,0
1177,458,5.011990,Normal,33.81,33.810000,-15.000000,-20.071700,13972929042442829531,null,14,4,0
1178,426,5.011560,Normal,42.92,42.920000,-15.000000,-21.438100,7107074716092221510,null,15,4,0
1179,431,5.011680,Normal,42.92,42.920000,-15.000000,-21.438100,596755158052466953,null,15,4,0
1180,436,5.011720,Normal,42.92,42.920000,-15.000000,-21.438100,44424880762009999,null,15,4,0
1181,442,5.010170,Normal,42.92,42.920000,-15.000000,-21.438100,17463658770512183064,null,15,4,0
1182,447,5.011690,Normal,42.92,42.920000,-15.000000,-21.438100,12257562622060435424,null,15,4,0
1183,452,5.011750,Normal,42.92,42.920000,-15.000000,-21.438100,10321834629635644159,null,15,4,0
1184,457,5.011550,Normal,42.92,42.920000,-15.000000,-21.438100,5657900434279757586,null,15,4,0
1185,463,5.010404,Normal,30,30.000000,-16.000000,-20.800598,6026614241231337650,null,0,4,1
1186,468,5.009214,Normal,30,30.000000,-16.000000,-20.800598,16417012231104093719,null,0,4,1
1187,463,5.012669,Normal,30,30.000000,-16.000000,-20.800598,14317377953491796966,null,1,4,1
1188,468,5.012387,Normal,30,30.000000,-16.000000,-20.800598,9897254076855695551,null,1,4,1
1189,463,5.012505,Normal,30,30.000000,-16.000000,-20.800598,4209432390496933891,null,2,4,1
1190,468,5.012313,Normal,30,30.000000,-16.000000,-20.800598,16697791754537496890,null,2,4,1
1191,463,5.011932,Normal,30,30.000000,-16.000000,-20.800598,6822513960395884595,null,3,4,1
1192,468,5.011936,Normal,30,30.000000,-16.000000,-20.800598,9051386784303808597,null,3,4,1
1193,463,5.011645,Normal,30,30.000000,-16.000000,-20.800598,8593860817850129632,null,4,4,1
1194,468,5.011803,Normal,30,30.000000,-16.000000,-20.800598,2203762228923052536,null,4,4,1
1195,463,5.012205,Normal,30,30.000000,-16.000000,-20.800598,10331499069164714277,null,5,4,1
1196,468,5.012821,Normal,30,30.000000,-16.000000,-20.800598,823604223533485710,null,5,4,1
1197,463,5.011338,Normal,30,30.000000,-16.000000,-20.800598,6310875961447736315,null,6,4,1
1198,468,5.011288,Normal,30,30.000000,-16.000000,-20.800598,17048107903951174044,null,6,4,1
1199,463,5.011606,Normal,30,30.000000,-16.000000,-20.800598,14459367864506589999,null,7,4,1
1200,468,5.008695,Normal,25.05,25.050000,-16.000000,-20.008124,14695792423424760729,null,7,4,1
1201,463,5.011754,Normal,30,30.000000,-16.000000,-20.800598,3227844358378730488,null,8,4,1
1202,468,5.011712,Normal,30,30.000000,-16.000000,-20.800598,16154843945264216136,null,8,4,1
1203,463,5.012384,Normal,30,30.000000,-16.000000,-20.800598,11613008069185190871,null,9,4,1
1204,468,5.012389,Normal,30,30.000000,-16.000000,-20.800598,10728665181561530576,null,9,4,1
1205,463,5.014726,Normal,30,30.000000,-16.000000,-20.800598,11856582524133868287,null,10,4,1
1206,468,5.012090,Normal,30,30.000000,-16.000000,-20.800598,3601222372307259875,null,10,4,1
1207,463,5.010308,Normal,30,30.000000,-16.000000,-20.800598,7648901785533228767,null,11,4,1
1208,468,5.008900,Normal,30,30.000000,-16.000000,-20.800598,12021003737462481206,null,11,4,1
1209,463,5.009019,Normal,30,30.000000,-16.000000,-20.800598,13360476479687476979,null,12,4,1
1210,463,5.009028,Normal,30,30.000000,-16.000000,-20.800598,12685159990809937431,null,13,4,1
1211,463,5.012035,Normal,30,30.000000,-16.000000,-20.800598,5581608674229700431,null,14,4,1
1212,463,5.013431,Normal,30,30.000000,-16.000000,-20.800598,13120595214430197726,null,15,4,1
1213,475,5.008211,Normal,24.88,24.880000,-16.000000,-19.981027,13724525906190104337,null,0,5,0
1214,480,5.010859,Normal,25.05,25.050000,-16.000000,-20.008124,2275141943281494533,null,0,5,0
1215,485,5.008422,Normal,24.54,24.540000,-16.000000,-19.926810,9277405911641730312,null,0,5,0
1216,491,5.008914,Normal,32.85,32.850000,-15.000000,-19.926810,3285637000735895411,null,0,5,0
1217,496,5.008351,Normal,24.54,24.540000,-16.000000,-19.926810,1306320413655470167,null,0,5,0
1218,501,5.008637,Normal,38.72,38.720000,-15.000000,-20.808581,2020141425277538678,null,0,5,0
1219,506,5.008259,Normal,24.54,24.540000,-16.000000,-19.926810,2773706861606533749,null,0,5,0
1220,512,5.009434,Normal,32.85,32.850000,-15.000000,-19.926810,13713612295851478043,null,0,5,0
1221,517,5.008413,Normal,24.54,24.540000,-16.000000,-19.926810,6796034331030562428,null,0,5,0
1222,522,5.008350,Normal,24.54,24.540000,-16.000000,-19.926810,18312046550771563607,null,0,5,0
1223,527,5.008504,Normal,24.52,24.520000,-16.000000,-19.922479,16635081407925220814,null,0,5,0
1224,533,5.008328,Normal,24.52,24.520000,-16.000000,-19.922479,14913614472428429397,null,0,5,0
1225,538,5.012548,Normal,34.8,34.800000,-15.000000,-20.219901,15190711153976019537,null,0,5,0
1226,543,5.008448,Normal,24.52,24.520000,-16.000000,-19.922479,9837304555728560341,null,0,5,0
1227,548,5.008542,Normal,24.52,24.520000,-16.000000,-19.922479,11479224974658480894,null,0,5,0
1228,554,5.008447,Normal,24.52,24.520000,-16.000000,-19.922479,13330153262921385649,null,0,5,0
1229,559,5.009860,Normal,24.52,24.520000,-16.000000,-19.922479,4819006282946458205,null,0,5,0
1230,564,5.008490,Normal,24.52,24.520000,-16.000000,-19.922479,10846177672305689265,null,0,5,0
1231,569,5.008284,Normal,24.52,24.520000,-16.000000,-19.922479,13298612508436917525,null,0,5,0
1232,575,5.008430,Normal,24.52,24.520000,-16.000000,-19.922479,2240593669885297343,null,0,5,0
1233,580,5.010111,Normal,24.52,24.520000,-16.000000,-19.922479,10114215565057512689,null,0,5,0
1234,585,5.008625,Normal,38.67,38.670000,-15.000000,-20.800598,5093710385501826223,null,0,5,0
1235,590,5.008876,Normal,24.52,24.520000,-16.000000,-19.922479,5887554353034401643,null,0,5,0
1236,596,5.008481,Normal,24.52,24.520000,-16.000000,-19.922479,11217959769743351222,null,0,5,0
1237,601,5.008173,Normal,24.52,24.520000,-16.000000,-19.922479,6397999117706849109,null,0,5,0
1238,606,5.008071,Normal,24.52,24.520000,-16.000000,-19.922479,6221462192930225105,null,0,5,0
1239,611,5.008535,Normal,24.52,24.520000,-16.000000,-19.922479,2488785574381321103,null,0,5,0
1240,616,5.008062,Normal,32.82,32.820000,-15.000000,-19.922479,950053474388908647,null,0,5,0
1241,622,5.008365,Normal,24.52,24.520000,-16.000000,-19.922479,4684263046944130404,null,0,5,0
1242,627,5.008415,Normal,24.52,24.520000,-16.000000,-19.922479,7669575896931379207,null,0,5,0
1243,475,5.011110,Normal,27.32,27.320000,-16.000000,-20.370800,15848223136079708673,null,1,5,0
1244,480,5.011280,Normal,27.32,27.320000,-16.000000,-20.370800,9815531541198859184,null,1,5,0
1245,485,5.011050,Normal,27.32,27.320000,-16.000000,-20.370800,12122978933501964404,null,1,5,0
1246,491,5.011140,Normal,27.32,27.320000,-16.000000,-20.370800,10559316839498770093,null,1,5,0
1247,496,5.008800,Normal,27.32,27.320000,-16.000000,-20.370800,6993422641421328942,null,1,5,0
1248,501,5.011250,Normal,27.32,27.320000,-16.000000,-20.370800,11223611177733466270,null,1,5,0
1249,506,5.011200,Normal,26.21,26.210000,-16.000000,-20.194200,4803909641725309397,null,1,5,0
1250,512,5.011570,Normal,26.21,26.210000,-16.000000,-20.194200,1101626414915797782,null,1,5,0
1251,517,5.010920,Normal,26.21,26.210000,-16.000000,-20.194200,10361966504560750257,null,1,5,0
1252,522,5.011230,Normal,26.21,26.210000,-16.000000,-20.194200,7864780518046849875,null,1,5,0
1253,527,5.010150,Normal,26.21,26.210000,-16.000000,-20.194200,8317705340464085028,null,1,5,0
1254,533,5.009630,Normal,26.21,26.210000,-16.000000,-20.194200,6382172394578649191,null,1,5,0
1255,538,5.010870,Normal,26.21,26.210000,-16.000000,-20.194200,15133263916439333134,null,1,5,0
1256,543,5.009330,Normal,26.21,26.210000,-16.000000,-20.194200,7261834366072737799,null,1,5,0
1257,548,5.011390,Normal,26.21,26.210000,-16.000000,-20.194200,16408323659852160778,null,1,5,0
1258,554,5.009170,Normal,26.21,26.210000,-16.000000,-20.194200,15828080880801444382,null,1,5,0
1259,559,5.010940,Normal,26.21,26.210000,-16.000000,-20.194200,16371038231067916319,null,1,5,0
1260,564,5.011150,Normal,26.21,26.210000,-16.000000,-20.194200,11625861726608675961,null,1,5,0
1261,569,5.010670,Normal,26.21,26.210000,-16.000000,-20.194200,11767464375134178678,null,1,5,0
1262,574,5.010890,Normal,26.21,26.210000,-16.000000,-20.194200,1587348030648943577,null,1,5,0
1263,580,5.010990,Normal,26.21,26.210000,-16.000000,-20.194200,380036785973935541,null,1,5,0
1264,585,5.010800,Normal,26.21,26.210000,-16.000000,-20.194200,4639815985344957284,null,1,5,0
1265,590,5.009160,Normal,26.29,26.290000,-16.000000,-20.205800,14691901733009625461,null,1,5,0
1266,595,5.010960,Normal,26.21,26.210000,-16.000000,-20.194200,17095658391154739065,null,1,5,0
1267,601,5.011120,Normal,26.21,26.210000,-16.000000,-20.194200,6566227828258683123,null,1,5,0
1268,606,5.010820,Normal,26.21,26.210000,-16.000000,-20.194200,8892726037967792147,null,1,5,0
1269,611,5.009290,Normal,26.21,26.210000,-16.000000,-20.194200,13697659247698341286,null,1,5,0
1270,616,5.011310,Normal,26.21,26.210000,-16.000000,-20.194200,4542690286552900647,null,1,5,0
1271,622,5.011140,Normal,26.21,26.210000,-16.000000,-20.194200,7071580290748127142,null,1,5,0
1272,627,5.010860,Normal,26.21,26.210000,-16.000000,-20.194200,13761865177479571733,null,1,5,0
1273,475,5.009930,Normal,34.8,34.800000,-15.000000,-20.219900,11483480907426421147,null,2,5,0
1274,480,5.010100,Normal,34.8,34.800000,-15.000000,-20.219900,11303360490825482248,null,2,5,0
1275,485,5.009290,Normal,34.8,34.800000,-15.000000,-20.219900,13557534702274590123,null,2,5,0
1276,491,5.009550,Normal,34.8,34.800000,-15.000000,-20.219900,6554679503939343832,null,2,5,0
1277,496,5.009950,Normal,34.8,34.800000,-15.000000,-20.219900,15764122486491738469,null,2,5,0
1278,501,5.010010,Normal,34.8,34.800000,-15.000000,-20.219900,9396557281309782571,null,2,5,0
1279,506,5.009920,Normal,34.8,34.800000,-15.000000,-20.219900,13509721060287826220,null,2,5,0
1280,512,5.010000,Normal,34.8,34.800000,-15.000000,-20.219900,7938626041038040218,null,2,5,0
1281,517,5.009960,Normal,34.8,34.800000,-15.000000,-20.219900,5116308469098573807,null,2,5,0
1282,522,5.010060,Normal,34.8,34.800000,-15.000000,-20.219900,10507461604523437188,null,2,5,0
1283,527,5.010140,Normal,34.8,34.800000,-15.000000,-20.219900,10581661575073692957,null,2,5,0
1284,533,5.010110,Normal,34.8,34.800000,-15.000000,-20.219900,11508685133793663162,null,2,5,0
1285,538,5.010100,Normal,34.8,34.800000,-15.000000,-20.219900,9683427781811578546,null,2,5,0
1286,543,5.008880,Normal,34.8,34.800000,-15.000000,-20.219900,18234469037168165595,null,2,5,0
1287,548,5.010040,Normal,34.8,34.800000,-15.000000,-20.219900,7121635070789286286,null,2,5,0
1288,553,5.010220,Normal,38.4,38.400000,-15.000000,-20.759500,14200642770996168233,null,2,5,0
1289,559,5.009140,Normal,34.8,34.800000,-15.000000,-20.219900,6433372360309511175,null,2,5,0
1290,564,5.009900,Normal,34.8,34.800000,-15.000000,-20.219900,8185517375032058703,null,2,5,0
1291,569,5.009940,Normal,34.8,34.800000,-15.000000,-20.219900,18379343486701612145,null,2,5,0
1292,574,5.009960,Normal,34.8,34.800000,-15.000000,-20.219900,12802053001547765704,null,2,5,0
1293,580,5.009050,Normal,34.8,34.800000,-15.000000,-20.219900,2674413271601502662,null,2,5,0
1294,585,5.010070,Normal,34.8,34.800000,-15.000000,-20.219900,14304861658771215413,null,2,5,0
1295,590,5.010010,Normal,34.8,34.800000,-15.000000,-20.219900,6497056706685368802,null,2,5,0
1296,595,5.010030,Normal,34.8,34.800000,-15.000000,-20.219900,1641447605287731813,null,2,5,0
1297,601,5.009080,Normal,34.8,34.800000,-15.000000,-20.219900,9193060919761823567,null,2,5,0
1298,606,5.009800,Normal,34.8,34.800000,-15.000000,-20.219900,7584285698932810271,null,2,5,0
1299,611,5.010030,Normal,34.8,34.800000,-15.000000,-20.219900,5144061926864615368,null,2,5,0
1300,616,5.011540,Normal,35.91,35.910000,-15.000000,-20.386600,11242064553126331332,null,2,5,0
1301,622,5.009820,Normal,34.8,34.800000,-15.000000,-20.219900,14020000750735171043,null,2,5,0
1302,627,5.009700,Normal,34.8,34.800000,-15.000000,-20.219900,17331552183381649462,null,2,5,0
1303,475,5.016310,Normal,38.07,38.070000,-15.000000,-20.710100,14356855941676985386,null,3,5,0
1304,480,5.011400,Normal,38.07,38.070000,-15.000000,-20.710100,8151328825767570637,null,3,5,0
1305,485,5.011640,Normal,38.07,38.070000,-15.000000,-20.710100,10945199220931796866,null,3,5,0
1306,491,5.014410,Normal,38.07,38.070000,-15.000000,-20.710100,1836104653561439702,null,3,5,0
1307,496,5.011530,Normal,38.07,38.070000,-15.000000,-20.710100,8265561441269912691,null,3,5,0
1308,501,5.012230,Normal,37.87,37.870000,-15.000000,-20.681100,7368613610833800430,null,3,5,0
1309,506,5.010630,Normal,37.87,37.870000,-15.000000,-20.681100,7680332667359453022,null,3,5,0
1310,512,5.010320,Normal,37.87,37.870000,-15.000000,-20.681100,17889409673541464997,null,3,5,0
1311,517,5.012930,Normal,37.87,37.870000,-15.000000,-20.681100,15917957704000167771,null,3,5,0
1312,522,5.009230,Normal,29.87,29.870000,-16.000000,-20.780000,941132556987070302,null,3,5,0
1313,527,5.010110,Normal,29.89,29.890000,-16.000000,-20.782000,1261189453501289756,null,3,5,0
1314,533,5.010560,Normal,29.89,29.890000,-16.000000,-20.782000,2531534612531864357,null,3,5,0
1315,538,5.009750,Normal,29.87,29.870000,-16.000000,-20.780000,11031401241131158437,null,3,5,0
1316,543,5.009170,Normal,29.87,29.870000,-16.000000,-20.780000,10389003463688799742,null,3,5,0
1317,548,5.009280,Normal,29.87,29.870000,-16.000000,-20.780000,6380213975052678340,null,3,5,0
1318,554,5.009650,Normal,29.87,29.870000,-16.000000,-20.780000,7462141845989241783,null,3,5,0
1319,559,5.009300,Normal,29.87,29.870000,-16.000000,-20.780000,4702915767380004080,null,3,5,0
1320,564,5.010530,Normal,29.89,29.890000,-16.000000,-20.782000,2055225343130603405,null,3,5,0
1321,569,5.009170,Normal,29.87,29.870000,-16.000000,-20.780000,138661795188659134,null,3,5,0
1322,575,5.009120,Normal,29.87,29.870000,-16.000000,-20.780000,10680429518363075630,null,3,5,0
1323,580,5.010610,Normal,29.74,29.740000,-16.000000,-20.758900,6169101178614454894,null,3,5,0
1324,585,5.007810,Normal,1.79769e+308,,,-20.751300,2706747052555812977,null,3,5,0
1325,590,5.010290,Normal,29.74,29.740000,-16.000000,-20.758900,14114115303363432530,null,3,5,0
1326,596,5.010400,Normal,29.74,29.740000,-16.000000,-20.758900,17619669194662688961,null,3,5,0
1327,601,5.010490,Normal,29.74,29.740000,-16.000000,-20.758900,1900020100868484513,null,3,5,0
1328,606,5.010730,Normal,29.74,29.740000,-16.000000,-20.758900,18329747880019562902,null,3,5,0
1329,611,5.010430,Normal,29.74,29.740000,-16.000000,-20.758900,2256924514131973822,null,3,5,0
1330,617,5.010640,Normal,29.74,29.740000,-16.000000,-20.758900,12159051674652978313,null,3,5,0
1331,622,5.008770,Normal,38.4,38.400000,-15.000000,-20.760000,17224569514069865059,null,3,5,0
1332,627,5.010410,Normal,29.74,29.740000,-16.000000,-20.758900,433044594813889761,null,3,5,0
1333,475,5.012680,Normal,42.8,42.800000,-15.000000,-21.420600,16461494700372387551,null,4,5,0
1334,480,5.011190,Normal,42.8,42.800000,-15.000000,-21.420600,13266933457078349528,null,4,5,0
1335,485,5.011060,Normal,42.8,42.800000,-15.000000,-21.420600,7686601407471358080,null,4,5,0
1336,491,5.011960,Normal,42.8,42.800000,-15.000000,-21.420600,473416733127518794,null,4,5,0
1337,496,5.010840,Normal,42.8,42.800000,-15.000000,-21.420600,1799617550933869488,null,4,5,0
1338,501,5.011150,Normal,42.8,42.800000,-15.000000,-21.420600,9363301217549681303,null,4,5,0
1339,506,5.012770,Normal,42.8,42.800000,-15.000000,-21.420600,5938447841282607040,null,4,5,0
1340,512,5.018720,Normal,42.8,42.800000,-15.000000,-21.420600,8320171995756127295,null,4,5,0
1341,517,5.012490,Normal,42.8,42.800000,-15.000000,-21.420600,10391852767168738888,null,4,5,0
1342,522,5.012020,Normal,42.8,42.800000,-15.000000,-21.420600,11031088947163992368,null,4,5,0
1343,527,5.008400,Normal,42.92,42.920000,-15.000000,-21.438100,8880577040007912095,null,4,5,0
1344,533,5.011120,Normal,42.8,42.800000,-15.000000,-21.420600,17934293360532516889,null,4,5,0
1345,538,5.011830,Normal,42.8,42.800000,-15.000000,-21.420600,7006211491020229200,null,4,5,0
1346,543,5.011000,Normal,42.8,42.800000,-15.000000,-21.420600,15631636376351508080,null,4,5,0
1347,548,5.027880,Normal,42.62,42.620000,-15.000000,-21.392300,8326729997990406086,null,4,5,0
1348,554,5.013260,Normal,42.92,42.920000,-15.000000,-21.438100,4604018136331503060,null,4,5,0
1349,559,5.014150,Normal,42.62,42.620000,-15.000000,-21.392300,18209481271678791011,null,4,5,0
1350,564,5.019610,Normal,42.62,42.620000,-15.000000,-21.392300,13800893924135913729,null,4,5,0
1351,569,5.018460,Normal,42.62,42.620000,-15.000000,-21.392300,5155808716892459225,null,4,5,0
1352,575,5.014680,Normal,42.75,42.750000,-15.000000,-21.412900,12921839799319229808,null,4,5,0
1353,580,5.017610,Normal,42.62,42.620000,-15.000000,-21.392300,11414098782265249951,null,4,5,0
1354,585,5.013010,Normal,42.62,42.620000,-15.000000,-21.392300,12265252803559513523,null,4,5,0
1355,590,5.018440,Normal,42.62,42.620000,-15.000000,-21.392300,15410572897492236078,null,4,5,0
1356,596,5.019390,Normal,42.62,42.620000,-15.000000,-21.392300,15461774996048885124,null,4,5,0
1357,601,5.017900,Normal,42.62,42.620000,-15.000000,-21.392300,7635922574268528991,null,4,5,0
1358,606,5.018690,Normal,42.62,42.620000,-15.000000,-21.392300,10932640477310177637,null,4,5,0
1359,611,5.018010,Normal,42.62,42.620000,-15.000000,-21.392300,13217301862197355020,null,4,5,0
1360,617,5.019420,Normal,42.62,42.620000,-15.000000,-21.392300,15506744028666281861,null,4,5,0
1361,622,5.026770,Normal,42.62,42.620000,-15.000000,-21.392300,15196694978908052314,null,4,5,0
1362,627,5.008490,Normal,42.92,42.920000,-15.000000,-21.438100,7528206416073546331,null,4,5,0
1363,475,5.013500,Normal,42.92,42.920000,-15.000000,-21.437500,615570446048015993,null,5,5,0
1364,480,5.011550,Normal,42.92,42.920000,-15.000000,-21.437500,4380582333346090429,null,5,5,0
1365,485,5.014730,Normal,42.92,42.920000,-15.000000,-21.437500,18293717994312117432,null,5,5,0
1366,491,5.011930,Normal,42.92,42.920000,-15.000000,-21.438100,15475283591608546806,null,5,5,0
1367,496,5.011650,Normal,42.92,42.920000,-15.000000,-21.437500,7775352521739681234,null,5,5,0
1368,501,5.010330,Normal,42.92,42.920000,-15.000000,-21.438100,10699057268261756242,null,5,5,0
1369,506,5.012990,Normal,42.92,42.920000,-15.000000,-21.438000,14374821404271499839,null,5,5,0
1370,512,5.010950,Normal,42.92,42.920000,-15.000000,-21.437500,6183593597910039166,null,5,5,0
1371,517,5.011370,Normal,42.92,42.920000,-15.000000,-21.437500,4254109961318550892,null,5,5,0
1372,522,5.010870,Normal,42.92,42.920000,-15.000000,-21.437500,5577663637796973196,null,5,5,0
1373,527,5.011730,Normal,42.92,42.920000,-15.000000,-21.437500,7336619155152410180,null,5,5,0
1374,533,5.010260,Normal,42.92,42.920000,-15.000000,-21.437500,10847043518571197347,null,5,5,0
1375,538,5.011650,Normal,42.92,42.920000,-15.000000,-21.437500,6975977664075139426,null,5,5,0
1376,543,5.011180,Normal,42.92,42.920000,-15.000000,-21.437500,6024744044707452351,null,5,5,0
1377,548,5.012840,Normal,42.92,42.920000,-15.000000,-21.437500,8374467384557308471,null,5,5,0
1378,553,5.010920,Normal,42.92,42.920000,-15.000000,-21.437500,1587546480698575057,null,5,5,0
1379,559,5.020690,Normal,42.92,42.920000,-15.000000,-21.437500,9119382009675766174,null,5,5,0
1380,564,5.010670,Normal,42.92,42.920000,-15.000000,-21.437500,3116181525805690436,null,5,5,0
1381,569,5.015570,Normal,42.92,42.920000,-15.000000,-21.437500,164617056767732162,null,5,5,0
1382,574,5.018380,Normal,42.92,42.920000,-15.000000,-21.437500,9824433887534502937,null,5,5,0
1383,580,5.017490,Normal,42.92,42.920000,-15.000000,-21.437500,6098690012122455208,null,5,5,0
1384,585,5.010460,Normal,42.92,42.920000,-15.000000,-21.437500,6605597781387109064,null,5,5,0
1385,590,5.019330,Normal,42.92,42.920000,-15.000000,-21.437500,6968544111259235120,null,5,5,0
1386,595,5.010460,Normal,42.92,42.920000,-15.000000,-21.437500,4897349813044084741,null,5,5,0
1387,601,5.009710,Normal,42.92,42.920000,-15.000000,-21.437500,7725751757610207544,null,5,5,0
1388,606,5.018750,Normal,42.92,42.920000,-15.000000,-21.437500,4598024428232376482,null,5,5,0
1389,611,5.010750,Normal,42.92,42.920000,-15.000000,-21.437500,3897039052573851337,null,5,5,0
1390,616,5.011560,Normal,42.92,42.920000,-15.000000,-21.437500,319575427072815372,null,5,5,0
1391,622,5.022820,Normal,42.92,42.920000,-15.000000,-21.437500,718340558513305614,null,5,5,0
1392,627,5.012900,Normal,42.92,42.920000,-15.000000,-21.437500,13547016771637421290,null,5,5,0
1393,475,5.011660,Normal,32.35,32.350000,-15.000000,-19.852100,16166316547705996054,null,6,5,0
1394,480,5.008870,Normal,32.35,32.350000,-15.000000,-19.852100,14863785370887417202,null,6,5,0
1395,485,5.011620,Normal,32.35,32.350000,-15.000000,-19.852100,11039817391317541230,null,6,5,0
1396,491,5.009640,Normal,32.38,32.380000,-15.000000,-19.857300,12038575909205396795,null,6,5,0
1397,496,5.014130,Normal,32.35,32.350000,-15.000000,-19.852100,2859651907061282362,null,6,5,0
1398,501,5.011220,Normal,32.14,32.140000,-15.000000,-19.820500,7143696563835972894,null,6,5,0
1399,506,5.013740,Normal,32.14,32.140000,-15.000000,-19.820500,7037897247521651528,null,6,5,0
1400,512,5.008530,Normal,32.14,32.140000,-15.000000,-19.820500,7085497774027050020,null,6,5,0
1401,517,5.013050,Normal,32.14,32.140000,-15.000000,-19.820500,14680699914847589377,null,6,5,0
1402,522,5.016910,Normal,32.14,32.140000,-15.000000,-19.820500,2485263667830811986,null,6,5,0
1403,527,5.045000,Normal,32.14,32.140000,-15.000000,-19.820500,8593217739968920897,null,6,5,0
1404,533,5.011080,Normal,33.32,33.320000,-15.000000,-19.998300,11994242801124641730,null,6,5,0
1405,538,5.017340,Normal,32.14,32.140000,-15.000000,-19.820500,16094257501452741753,null,6,5,0
1406,543,5.008920,Normal,32.22,32.220000,-15.000000,-19.833200,2856615934567460587,null,6,5,0
1407,548,5.008970,Normal,32.22,32.220000,-15.000000,-19.833200,13296368834614006405,null,6,5,0
1408,554,5.012150,Normal,32.14,32.140000,-15.000000,-19.820500,13609194235622838184,null,6,5,0
1409,559,5.018360,Normal,32.14,32.140000,-15.000000,-19.820500,16416992934634685758,null,6,5,0
1410,564,5.008220,Normal,32.14,32.140000,-15.000000,-19.820500,16941238736468272481,null,6,5,0
1411,569,5.053720,Normal,32.14,32.140000,-15.000000,-19.820500,4807026028380174955,null,6,5,0
1412,575,5.008260,Normal,32.14,32.140000,-15.000000,-19.820500,4342848451825441355,null,6,5,0
1413,580,5.011930,Normal,32.14,32.140000,-15.000000,-19.820500,16332140523814728275,null,6,5,0
1414,585,5.008450,Normal,32.14,32.140000,-15.000000,-19.820500,1381064994327175217,null,6,5,0
1415,590,5.010590,Normal,32.14,32.140000,-15.000000,-19.820500,12143979310568596979,null,6,5,0
1416,596,5.009630,Normal,32.21,32.210000,-15.000000,-19.831600,14253257455062937099,null,6,5,0
1417,601,5.010030,Normal,32.19,32.190000,-15.000000,-19.828100,11756146632355551627,null,6,5,0
1418,606,5.016980,Normal,32.14,32.140000,-15.000000,-19.820500,10237270584225703069,null,6,5,0
1419,611,5.012570,Normal,32.14,32.140000,-15.000000,-19.820500,4969152480227980393,null,6,5,0
1420,617,5.012060,Normal,32.14,32.140000,-15.000000,-19.820500,6295528901849573358,null,6,5,0
1421,622,5.011320,Normal,32.14,32.140000,-15.000000,-19.820500,16163779535090728132,null,6,5,0
1422,627,5.012590,Normal,32.14,32.140000,-15.000000,-19.820500,5442707124279040344,null,6,5,0
1423,475,5.008310,Normal,1.79769e+308,,,-20.808600,8498179857817683808,null,7,5,0
1424,480,5.009940,Normal,1.79769e+308,,,-20.808600,10578676379212505366,null,7,5,0
1425,485,5.009790,Normal,1.79769e+308,,,-20.808600,3250143726794870827,null,7,5,0
1426,491,5.009730,Normal,1.79769e+308,,,-20.808600,12024189209676155755,null,7,5,0
1427,496,5.010790,Normal,34.09,34.090000,-15.000000,-20.113500,11885366214130349708,null,7,5,0
1428,501,5.010710,Normal,34.09,34.090000,-15.000000,-20.113500,8850574378204612631,null,7,5,0
1429,506,5.010590,Normal,34.09,34.090000,-15.000000,-20.113500,363630846906131053,null,7,5,0
1430,512,5.011370,Normal,34.09,34.090000,-15.000000,-20.113500,13838726028614241480,null,7,5,0
1431,517,5.010950,Normal,34.09,34.090000,-15.000000,-20.113500,11366019552447263773,null,7,5,0
1432,522,5.010670,Normal,34.09,34.090000,-15.000000,-20.113500,1526630051387896530,null,7,5,0
1433,527,5.011240,Normal,34.09,34.090000,-15.000000,-20.113500,7419919600806464745,null,7,5,0
1434,533,5.009800,Normal,34.09,34.090000,-15.000000,-20.113500,5896402699431167348,null,7,5,0
1435,538,5.009000,Normal,34.07,34.070000,-15.000000,-20.109900,8491525191958008267,null,7,5,0
1436,543,5.009280,Normal,34.09,34.090000,-15.000000,-20.113500,4021636362564370753,null,7,5,0
1437,548,5.009070,Normal,34.07,34.070000,-15.000000,-20.109900,18092386167775730293,null,7,5,0
1438,554,5.009060,Normal,34.07,34.070000,-15.000000,-20.109900,7715943294282075996,null,7,5,0
1439,559,5.010140,Normal,34.07,34.070000,-15.000000,-20.109900,14036972518794438290,null,7,5,0
1440,564,5.011300,Normal,34.09,34.090000,-15.000000,-20.112800,1126482427358560010,null,7,5,0
1441,569,5.010080,Normal,34.07,34.070000,-15.000000,-20.109900,8877363412515952192,null,7,5,0
1442,575,5.009140,Normal,34.07,34.070000,-15.000000,-20.109900,7535680025412139845,null,7,5,0
1443,580,5.009660,Normal,34.07,34.070000,-15.000000,-20.109900,14124208375207199609,null,7,5,0
1444,585,5.008790,Normal,34.07,34.070000,-15.000000,-20.109900,16784859293167578081,null,7,5,0
1445,590,5.019520,Normal,34.07,34.070000,-15.000000,-20.109900,8510556230047116803,null,7,5,0
1446,596,5.011190,Normal,34.09,34.090000,-15.000000,-20.113500,12157826421163795462,null,7,5,0
1447,601,5.008930,Normal,34.07,34.070000,-15.000000,-20.109900,13650341510546019645,null,7,5,0
1448,606,5.008940,Normal,34.07,34.070000,-15.000000,-20.109900,1883990115528874205,null,7,5,0
1449,611,5.008990,Normal,34.07,34.070000,-15.000000,-20.109900,5210528440907496336,null,7,5,0
1450,616,5.008990,Normal,34.07,34.070000,-15.000000,-20.109900,6890315258287765520,null,7,5,0
1451,622,5.008810,Normal,34.09,34.090000,-15.000000,-20.113500,13776043814737839084,null,7,5,0
1452,627,5.008990,Normal,34.07,34.070000,-15.000000,-20.109900,4294626073510273191,null,7,5,0
1453,475,5.020900,Normal,32.88,32.880000,-15.000000,-19.932300,5836940176892089932,null,8,5,0
1454,480,5.008830,Normal,32.88,32.880000,-15.000000,-19.932300,4690146444693554294,null,8,5,0
1455,485,5.010220,Normal,32.88,32.880000,-15.000000,-19.932300,654384254867645765,null,8,5,0
1456,491,5.008720,Normal,32.88,32.880000,-15.000000,-19.932300,12227068124674312220,null,8,5,0
1457,496,5.015110,Normal,32.88,32.880000,-15.000000,-19.932300,2383747362535524587,null,8,5,0
1458,501,5.015080,Normal,32.88,32.880000,-15.000000,-19.932300,8574727329331420634,null,8,5,0
1459,506,5.008600,Normal,32.88,32.880000,-15.000000,-19.932300,15085585855302096700,null,8,5,0
1460,511,5.008170,Normal,32.88,32.880000,-15.000000,-19.932300,12955786944492643144,null,8,5,0
1461,517,5.008710,Normal,32.88,32.880000,-15.000000,-19.932300,14799679245771727781,null,8,5,0
1462,522,5.013190,Normal,32.88,32.880000,-15.000000,-19.932300,10478399274082952856,null,8,5,0
1463,527,5.009000,Normal,32.88,32.880000,-15.000000,-19.932300,4840829174467957727,null,8,5,0
1464,532,5.009930,Normal,32.88,32.880000,-15.000000,-19.932300,8484226349934800731,null,8,5,0
1465,538,5.008620,Normal,32.98,32.980000,-15.000000,-19.947400,5927282505182882646,null,8,5,0
1466,543,5.013190,Normal,32.88,32.880000,-15.000000,-19.932300,14831275072120171213,null,8,5,0
1467,548,5.008680,Normal,32.88,32.880000,-15.000000,-19.932300,4776311133672553192,null,8,5,0
1468,553,5.009310,Normal,32.14,32.140000,-15.000000,-19.820500,11630422762345396408,null,8,5,0
1469,559,5.011180,Normal,32.14,32.140000,-15.000000,-19.820500,13811334674367503970,null,8,5,0
1470,564,5.011280,Normal,33.3,33.300000,-15.000000,-19.994400,1070377726407947838,null,8,5,0
1471,569,5.011430,Normal,32.3,32.300000,-15.000000,-19.844700,12734715033790702153,null,8,5,0
1472,574,5.011270,Normal,32.14,32.140000,-15.000000,-19.820500,15804205288376066214,null,8,5,0
1473,580,5.011420,Normal,32.14,32.140000,-15.000000,-19.820500,10452173891804096653,null,8,5,0
1474,585,5.010460,Normal,32.14,32.140000,-15.000000,-19.820500,3476238653606825892,null,8,5,0
1475,590,5.011020,Normal,32.14,32.140000,-15.000000,-19.820500,5539563116029596920,null,8,5,0
1476,595,5.011230,Normal,32.14,32.140000,-15.000000,-19.820500,331131372705258871,null,8,5,0
1477,600,5.009580,Normal,32.3,32.300000,-15.000000,-19.844700,290382806718410084,null,8,5,0
1478,606,5.011590,Normal,32.14,32.140000,-15.000000,-19.820500,2802765998597279131,null,8,5,0
1479,611,5.011430,Normal,32.14,32.140000,-15.000000,-19.820500,14285687718623850097,null,8,5,0
1480,616,5.009180,Normal,32.14,32.140000,-15.000000,-19.820500,13829409694531913135,null,8,5,0
1481,621,5.011190,Normal,32.14,32.140000,-15.000000,-19.820500,11629154737813870591,null,8,5,0
1482,627,5.011070,Normal,32.14,32.140000,-15.000000,-19.820500,15649174359299724377,null,8,5,0
1483,475,5.010620,Normal,38.72,38.720000,-15.000000,-20.808600,14039983303482892394,null,9,5,0
1484,480,5.010450,Normal,38.72,38.720000,-15.000000,-20.808600,5891227459045536851,null,9,5,0
1485,485,5.008360,Normal,38.72,38.720000,-15.000000,-20.808600,10674941977838189938,null,9,5,0
1486,491,5.008740,Normal,29.75,29.750000,-16.000000,-20.760100,6539277644589399102,null,9,5,0
1487,496,5.008860,Normal,29.75,29.750000,-16.000000,-20.760100,12116896248577931708,null,9,5,0
1488,501,5.010010,Normal,48.27,48.270000,-14.000000,-20.757500,232164785078418027,null,9,5,0
1489,506,5.009060,Normal,29.75,29.750000,-16.000000,-20.760100,15899739543546473247,null,9,5,0
1490,512,5.010050,Normal,29.75,29.750000,-16.000000,-20.760100,7302338802443987919,null,9,5,0
1491,517,5.009560,Normal,29.75,29.750000,-16.000000,-20.760100,9379381702438818652,null,9,5,0
1492,522,5.009980,Normal,29.75,29.750000,-16.000000,-20.760100,6804387187544365833,null,9,5,0
1493,527,5.009060,Normal,29.75,29.750000,-16.000000,-20.760100,381627113364203959,null,9,5,0
1494,533,5.009090,Normal,29.75,29.750000,-16.000000,-20.760100,14964362673608217313,null,9,5,0
1495,538,5.008810,Normal,29.84,29.840000,-16.000000,-20.774900,7150973214640668499,null,9,5,0
1496,543,5.008960,Normal,29.75,29.750000,-16.000000,-20.760100,9756940584574789957,null,9,5,0
1497,548,5.008950,Normal,29.75,29.750000,-16.000000,-20.760100,14486754992135690445,null,9,5,0
1498,554,5.008870,Normal,29.75,29.750000,-16.000000,-20.760100,17422119077467986389,null,9,5,0
1499,559,5.008940,Normal,29.75,29.750000,-16.000000,-20.760100,16475680777546520396,null,9,5,0
1500,564,5.008990,Normal,29.75,29.750000,-16.000000,-20.760100,8057386346675634346,null,9,5,0
1501,569,5.008240,Normal,30.05,30.050000,-16.000000,-20.808200,16771011996523439119,null,9,5,0
1502,575,5.010180,Normal,29.75,29.750000,-16.000000,-20.760100,15488458728053192734,null,9,5,0
1503,580,5.008780,Normal,29.75,29.750000,-16.000000,-20.760100,10067762613579699070,null,9,5,0
1504,585,5.032650,Normal,32.34,32.340000,-15.000000,-19.851200,9966511286975808611,null,9,5,0
1505,590,5.008580,Normal,29.75,29.750000,-16.000000,-20.760100,10876333542642041278,null,9,5,0
1506,595,5.008790,Normal,29.75,29.750000,-16.000000,-20.760100,14121728178916294741,null,9,5,0
1507,601,5.009850,Normal,29.75,29.750000,-16.000000,-20.760100,2380688172826961079,null,9,5,0
1508,606,5.008900,Normal,29.75,29.750000,-16.000000,-20.760100,5872860863325705026,null,9,5,0
1509,611,5.009010,Normal,29.75,29.750000,-16.000000,-20.760100,1917675683016731800,null,9,5,0
1510,616,5.008800,Normal,29.75,29.750000,-16.000000,-20.760100,17077904569359707442,null,9,5,0
1511,622,5.008960,Normal,29.75,29.750000,-16.000000,-20.760100,4216173879569945099,null,9,5,0
1512,627,5.008740,Normal,29.84,29.840000,-16.000000,-20.774900,11445494806669680804,null,9,5,0
1513,475,5.010850,Normal,38.72,38.720000,-15.000000,-20.808600,7880916329115734531,null,10,5,0
1514,480,5.010900,Normal,38.72,38.720000,-15.000000,-20.808600,18231498332511904943,null,10,5,0
1515,485,5.011030,Normal,38.72,38.720000,-15.000000,-20.808600,7438489119484631704,null,10,5,0
1516,491,5.010840,Normal,38.72,38.720000,-15.000000,-20.808600,10403120893730867713,null,10,5,0
1517,496,5.011520,Normal,38.72,38.720000,-15.000000,-20.808600,7728131658667525789,null,10,5,0
1518,501,5.011010,Normal,38.72,38.720000,-15.000000,-20.808600,3204140175025520972,null,10,5,0
1519,506,5.011170,Normal,38.72,38.720000,-15.000000,-20.808600,6567729124421055962,null,10,5,0
1520,512,5.011110,Normal,38.72,38.720000,-15.000000,-20.808600,6833656863183334937,null,10,5,0
1521,517,5.010930,Normal,38.72,38.720000,-15.000000,-20.808600,8209392148938029276,null,10,5,0
1522,522,5.010860,Normal,38.72,38.720000,-15.000000,-20.808600,17705820905052354528,null,10,5,0
1523,527,5.010630,Normal,38.72,38.720000,-15.000000,-20.808600,16386704865812812736,null,10,5,0
1524,532,5.010680,Normal,38.72,38.720000,-15.000000,-20.808600,1850289455976365703,null,10,5,0
1525,538,5.010730,Normal,38.72,38.720000,-15.000000,-20.808600,7364186271720503434,null,10,5,0
1526,543,5.009250,Normal,38.72,38.720000,-15.000000,-20.808600,877480530983418756,null,10,5,0
1527,548,5.010900,Normal,38.72,38.720000,-15.000000,-20.808600,13725479485656083939,null,10,5,0
1528,553,5.010690,Normal,38.72,38.720000,-15.000000,-20.808600,4400310152190520579,null,10,5,0
1529,559,5.010850,Normal,38.72,38.720000,-15.000000,-20.808600,3963719920007343759,null,10,5,0
1530,564,5.009440,Normal,33.55,33.550000,-15.000000,-20.032100,18071022505722221118,null,10,5,0
1531,569,5.009790,Normal,33.55,33.550000,-15.000000,-20.032100,7345877134648001223,null,10,5,0
1532,574,5.009450,Normal,33.55,33.550000,-15.000000,-20.032100,3164120516800522002,null,10,5,0
1533,580,5.009850,Normal,33.55,33.550000,-15.000000,-20.032100,12333815566841879816,null,10,5,0
1534,585,5.009480,Normal,33.55,33.550000,-15.000000,-20.032100,1496383241079275810,null,10,5,0
1535,590,5.009340,Normal,33.55,33.550000,-15.000000,-20.032100,12249392975198358576,null,10,5,0
1536,595,5.009680,Normal,33.55,33.550000,-15.000000,-20.032100,11058087673274183648,null,10,5,0
1537,601,5.009620,Normal,33.55,33.550000,-15.000000,-20.032100,4428599269321106069,null,10,5,0
1538,606,5.009520,Normal,33.55,33.550000,-15.000000,-20.032100,14866953155025635636,null,10,5,0
1539,611,5.009290,Normal,33.55,33.550000,-15.000000,-20.032100,4406107133960269367,null,10,5,0
1540,616,5.009210,Normal,33.55,33.550000,-15.000000,-20.032100,6445647319325611281,null,10,5,0
1541,622,5.009370,Normal,33.55,33.550000,-15.000000,-20.032100,3991488384761420949,null,10,5,0
1542,627,5.009480,Normal,33.55,33.550000,-15.000000,-20.032100,6011154109537892244,null,10,5,0
1543,475,5.019290,Normal,34.28,34.280000,-15.000000,-20.142500,15553975280702328940,null,11,5,0
1544,480,5.017190,Normal,34.28,34.280000,-15.000000,-20.142500,13881844554142872050,null,11,5,0
1545,485,5.018010,Normal,34.28,34.280000,-15.000000,-20.142500,2174174481779804471,null,11,5,0
1546,491,5.017020,Normal,33.87,33.870000,-15.000000,-20.081000,6336751143442842021,null,11,5,0
1547,496,5.015980,Normal,33.87,33.870000,-15.000000,-20.081000,2168173316245973674,null,11,5,0
1548,501,5.013350,Normal,33.87,33.870000,-15.000000,-20.081000,1297733594309339536,null,11,5,0
1549,506,5.018150,Normal,34.28,34.280000,-15.000000,-20.142500,10341822211789945311,null,11,5,0
1550,512,5.018610,Normal,33.87,33.870000,-15.000000,-20.081000,13704459241370975843,null,11,5,0
1551,517,5.017530,Normal,33.87,33.870000,-15.000000,-20.081000,3085851512183733970,null,11,5,0
1552,522,5.019090,Normal,33.87,33.870000,-15.000000,-20.081000,13161719041666088595,null,11,5,0
1553,527,5.035890,Normal,33.87,33.870000,-15.000000,-20.081000,17071877938820130367,null,11,5,0
1554,533,5.019320,Normal,33.87,33.870000,-15.000000,-20.081000,1970874160630189218,null,11,5,0
1555,538,5.017370,Normal,33.87,33.870000,-15.000000,-20.081000,8794314408461063380,null,11,5,0
1556,543,5.016950,Normal,33.87,33.870000,-15.000000,-20.081000,8876454133324386053,null,11,5,0
1557,548,5.016100,Normal,33.87,33.870000,-15.000000,-20.081000,3125493231438407420,null,11,5,0
1558,554,5.013840,Normal,33.87,33.870000,-15.000000,-20.081000,4074903983012408231,null,11,5,0
1559,559,5.012500,Normal,33.87,33.870000,-15.000000,-20.081000,17727011273028307769,null,11,5,0
1560,564,5.022260,Normal,33.87,33.870000,-15.000000,-20.081000,1832137515869875477,null,11,5,0
1561,569,5.016420,Normal,34.28,34.280000,-15.000000,-20.142500,13566765358440403294,null,11,5,0
1562,575,5.021680,Normal,33.87,33.870000,-15.000000,-20.081000,4265377911561663378,null,11,5,0
1563,580,5.015150,Normal,33.87,33.870000,-15.000000,-20.081000,692803063413063778,null,11,5,0
1564,585,5.016500,Normal,33.87,33.870000,-15.000000,-20.081000,2851556211529692853,null,11,5,0
1565,590,5.015530,Normal,33.87,33.870000,-15.000000,-20.081000,4926846418597728243,null,11,5,0
1566,596,5.017630,Normal,33.87,33.870000,-15.000000,-20.081000,14104527307717859118,null,11,5,0
1567,601,5.012730,Normal,33.87,33.870000,-15.000000,-20.081000,15301119501438180985,null,11,5,0
1568,606,5.013630,Normal,33.87,33.870000,-15.000000,-20.081000,2157172643826704722,null,11,5,0
1569,611,5.021400,Normal,33.87,33.870000,-15.000000,-20.081000,15899417270715181345,null,11,5,0
1570,617,5.011350,Normal,33.83,33.830000,-15.000000,-20.074300,7745806945685659295,null,11,5,0
1571,622,5.016900,Normal,33.83,33.830000,-15.000000,-20.074300,7539293159514797083,null,11,5,0
1572,627,5.019090,Normal,33.83,33.830000,-15.000000,-20.074300,5939530929701169317,null,11,5,0
1573,475,5.032160,Normal,24.24,24.240000,-16.000000,-19.879100,4304626837903336212,null,12,5,0
1574,480,5.025350,Normal,24.24,24.240000,-16.000000,-19.879100,11709609721420614212,null,12,5,0
1575,485,5.011080,Normal,34.8,34.800000,-15.000000,-20.219500,5920743682541747226,null,12,5,0
1576,491,5.014820,Normal,32.53,32.530000,-15.000000,-19.879100,13052117799508429454,null,12,5,0
1577,496,5.031580,Normal,24.24,24.240000,-16.000000,-19.879100,5271798386764463637,null,12,5,0
1578,501,5.023110,Normal,32.53,32.530000,-15.000000,-19.879100,1555139330404551516,null,12,5,0
1579,506,5.027670,Normal,24.24,24.240000,-16.000000,-19.879100,17872976818601628820,null,12,5,0
1580,512,5.009900,Normal,32.53,32.530000,-15.000000,-19.879100,9591260910476881379,null,12,5,0
1581,517,5.008990,Normal,32.34,32.340000,-15.000000,-19.851200,1939580479715135647,null,12,5,0
1582,522,5.032470,Normal,24.24,24.240000,-16.000000,-19.879100,10933784417957824457,null,12,5,0
1583,527,5.023160,Normal,24.24,24.240000,-16.000000,-19.879100,2215012112641992751,null,12,5,0
1584,533,5.018630,Normal,24.24,24.240000,-16.000000,-19.879100,11638256012869209766,null,12,5,0
1585,538,5.026270,Normal,24.24,24.240000,-16.000000,-19.879100,5190085981293535513,null,12,5,0
1586,543,5.031160,Normal,24.24,24.240000,-16.000000,-19.879100,7095268818954257463,null,12,5,0
1587,548,5.023740,Normal,24.24,24.240000,-16.000000,-19.879100,10838021917091704139,null,12,5,0
1588,554,5.027440,Normal,24.24,24.240000,-16.000000,-19.879100,11831224634368399313,null,12,5,0
1589,559,5.027440,Normal,24.24,24.240000,-16.000000,-19.879100,6369200779890456577,null,12,5,0
1590,564,5.016150,Normal,33.95,33.950000,-15.000000,-20.091800,7526151797531896726,null,12,5,0
1591,569,5.016050,Normal,24.24,24.240000,-16.000000,-19.879100,17040852899721237978,null,12,5,0
1592,575,5.011750,Normal,24.24,24.240000,-16.000000,-19.879100,13986528234364817856,null,12,5,0
1593,580,5.025790,Normal,24.24,24.240000,-16.000000,-19.879100,909120101705185903,null,12,5,0
1594,585,5.027150,Normal,24.24,24.240000,-16.000000,-19.879100,9340028676019706447,null,12,5,0
1595,590,5.012940,Normal,38.23,38.230000,-15.000000,-20.734300,7966723448865087363,null,12,5,0
1596,596,5.017810,Normal,24.24,24.240000,-16.000000,-19.879100,3584022883873201737,null,12,5,0
1597,601,5.023460,Normal,24.24,24.240000,-16.000000,-19.879100,10125304873337942070,null,12,5,0
1598,606,5.016520,Normal,32.53,32.530000,-15.000000,-19.879100,11545218807295614822,null,12,5,0
1599,611,5.033770,Normal,24.24,24.240000,-16.000000,-19.879100,3195461178170614186,null,12,5,0
1600,617,5.024850,Normal,24.24,24.240000,-16.000000,-19.879100,6776734463821139567,null,12,5,0
1601,622,5.016260,Normal,24.24,24.240000,-16.000000,-19.879100,6882507144252307079,null,12,5,0
1602,627,5.031140,Normal,24.24,24.240000,-16.000000,-19.879100,1752922563470056070,null,12,5,0
1603,475,5.009540,Normal,33.42,33.420000,-15.000000,-20.013700,14901868716526820080,null,13,5,0
1604,480,5.009540,Normal,33.42,33.420000,-15.000000,-20.013700,12934106884139688995,null,13,5,0
1605,485,5.009150,Normal,33.55,33.550000,-15.000000,-20.033000,5262790230926935942,null,13,5,0
1606,491,5.009440,Normal,33.42,33.420000,-15.000000,-20.013700,5391331289765876323,null,13,5,0
1607,496,5.009930,Normal,1.79769e+308,,,-20.808600,4054608089434751183,null,13,5,0
1608,501,5.009490,Normal,33.42,33.420000,-15.000000,-20.013700,5542421021235887761,null,13,5,0
1609,506,5.009400,Normal,33.42,33.420000,-15.000000,-20.013700,9524356066663372704,null,13,5,0
1610,512,5.009630,Normal,33.69,33.690000,-15.000000,-20.054000,6829332885303661621,null,13,5,0
1611,517,5.010040,Normal,33.42,33.420000,-15.000000,-20.013700,15569499050518932416,null,13,5,0
1612,522,5.009310,Normal,33.42,33.420000,-15.000000,-20.013700,4081685728552209043,null,13,5,0
1613,527,5.009450,Normal,33.42,33.420000,-15.000000,-20.013700,15863809251742392592,null,13,5,0
1614,532,5.008420,Normal,32.82,32.820000,-15.000000,-19.922500,13061934238330671013,null,13,5,0
1615,538,5.008970,Normal,32.63,32.630000,-15.000000,-19.894300,14027310702997823191,null,13,5,0
1616,543,5.009100,Normal,32.63,32.630000,-15.000000,-19.894300,11613273749819704367,null,13,5,0
1617,548,5.009570,Normal,32.63,32.630000,-15.000000,-19.894300,2546198636900497329,null,13,5,0
1618,554,5.009450,Normal,32.63,32.630000,-15.000000,-19.894300,4161101391388205434,null,13,5,0
1619,559,5.010180,Normal,29.05,29.050000,-16.000000,-20.647900,16572720751974060249,null,13,5,0
1620,564,5.009500,Normal,29.05,29.050000,-16.000000,-20.647900,4430751037364185407,null,13,5,0
1621,569,5.010400,Normal,42.75,42.750000,-15.000000,-21.413100,15969846137974792181,null,13,5,0
1622,575,5.009280,Normal,29.05,29.050000,-16.000000,-20.647900,16337779337245563630,null,13,5,0
1623,580,5.009730,Normal,38.13,38.130000,-15.000000,-20.718800,780919592158217455,null,13,5,0
1624,585,5.010420,Normal,29.05,29.050000,-16.000000,-20.647900,11842215119794489770,null,13,5,0
1625,590,5.010480,Normal,29.05,29.050000,-16.000000,-20.647900,1783164773543750322,null,13,5,0
1626,596,5.010340,Normal,29.05,29.050000,-16.000000,-20.647900,1678138649444988542,null,13,5,0
1627,601,5.010890,Normal,29.05,29.050000,-16.000000,-20.647900,6912698165904578747,null,13,5,0
1628,606,5.010620,Normal,29.05,29.050000,-16.000000,-20.647900,13802365033741777932,null,13,5,0
1629,611,5.013570,Normal,38.31,38.310000,-15.000000,-20.746000,2731714712688968156,null,13,5,0
1630,617,5.016070,Normal,37.97,37.970000,-15.000000,-20.695400,8099682002089074820,null,13,5,0
1631,622,5.010500,Normal,29.05,29.050000,-16.000000,-20.647900,11703835869938136930,null,13,5,0
1632,627,5.010190,Normal,29.05,29.050000,-16.000000,-20.647900,15255977558897388950,null,13,5,0
1633,475,5.010470,Normal,30.05,30.050000,-16.000000,-20.808600,12362846830509240934,null,14,5,0
1634,480,5.010560,Normal,26.21,26.210000,-16.000000,-20.194200,15279702290994421687,null,14,5,0
1635,485,5.009540,Normal,26.21,26.210000,-16.000000,-20.194200,593594708994850670,null,14,5,0
1636,491,5.010270,Normal,26.21,26.210000,-16.000000,-20.194200,12090131290979932348,null,14,5,0
1637,496,5.009480,Normal,26.21,26.210000,-16.000000,-20.194200,1821217729518132543,null,14,5,0
1638,501,5.010350,Normal,26.21,26.210000,-16.000000,-20.194200,1468692246311716755,null,14,5,0
1639,506,5.010280,Normal,26.21,26.210000,-16.000000,-20.194200,11789095095498599403,null,14,5,0
1640,512,5.008880,Normal,26.21,26.210000,-16.000000,-20.194200,1428817557293422773,null,14,5,0
1641,517,5.009550,Normal,26.21,26.210000,-16.000000,-20.194200,15684786230913460498,null,14,5,0
1642,522,5.009410,Normal,26.21,26.210000,-16.000000,-20.194200,11401426012731918993,null,14,5,0
1643,527,5.010290,Normal,26.21,26.210000,-16.000000,-20.194200,14151293137584807203,null,14,5,0
1644,533,5.010330,Normal,26.21,26.210000,-16.000000,-20.194200,4929968297501344490,null,14,5,0
1645,538,5.010390,Normal,26.21,26.210000,-16.000000,-20.194200,4828071978409468939,null,14,5,0
1646,543,5.009850,Normal,26.21,26.210000,-16.000000,-20.194200,7877066398118306624,null,14,5,0
1647,548,5.011980,Normal,24.06,24.060000,-16.000000,-19.849700,1640368905292395573,null,14,5,0
1648,554,5.010430,Normal,32.33,32.330000,-15.000000,-19.849700,14835524630368751164,null,14,5,0
1649,559,5.011880,Normal,32.33,32.330000,-15.000000,-19.849700,4880738765195658314,null,14,5,0
1650,564,5.010440,Normal,24.06,24.060000,-16.000000,-19.849700,15254709445762642964,null,14,5,0
1651,569,5.012040,Normal,24.06,24.060000,-16.000000,-19.849700,10583215755429699789,null,14,5,0
1652,575,5.012030,Normal,24.06,24.060000,-16.000000,-19.849700,6920119033944994550,null,14,5,0
1653,580,5.049490,Normal,1.79769e+308,,,-20.071700,13888188038816345347,null,14,5,0
1654,585,5.012050,Normal,24.06,24.060000,-16.000000,-19.849700,17668189951007054255,null,14,5,0
1655,590,5.011060,Normal,32.33,32.330000,-15.000000,-19.849700,1604533623972226946,null,14,5,0
1656,596,5.010530,Normal,24.06,24.060000,-16.000000,-19.849700,5789485911780011397,null,14,5,0
1657,601,5.011940,Normal,24.06,24.060000,-16.000000,-19.849700,12487549183097532317,null,14,5,0
1658,606,5.010320,Normal,24.06,24.060000,-16.000000,-19.849700,756329980919842275,null,14,5,0
1659,611,5.010690,Normal,24.06,24.060000,-16.000000,-19.849700,9567824035155689053,null,14,5,0
1660,617,5.012010,Normal,24.06,24.060000,-16.000000,-19.849700,15728069949115925053,null,14,5,0
1661,622,5.010780,Normal,24.06,24.060000,-16.000000,-19.849700,11692259552111872059,null,14,5,0
1662,627,5.011260,Normal,24.06,24.060000,-16.000000,-19.849700,17113849712075389945,null,14,5,0
1663,475,5.014440,Normal,42.92,42.920000,-15.000000,-21.438100,5430611263521471859,null,15,5,0
1664,480,5.011200,Normal,42.92,42.920000,-15.000000,-21.438100,8633745082622863910,null,15,5,0
1665,485,5.009120,Normal,38.67,38.670000,-15.000000,-20.800600,4085421552776742974,null,15,5,0
1666,491,5.011260,Normal,38.67,38.670000,-15.000000,-20.800600,12878256213851974551,null,15,5,0
1667,496,5.012220,Normal,38.67,38.670000,-15.000000,-20.800600,8819738518866814164,null,15,5,0
1668,501,5.012020,Normal,38.67,38.670000,-15.000000,-20.800600,6950279484412303515,null,15,5,0
1669,506,5.008270,Normal,38.67,38.670000,-15.000000,-20.800600,6329136329688215310,null,15,5,0
1670,512,5.011710,Normal,38.67,38.670000,-15.000000,-20.800600,12184705969767811450,null,15,5,0
1671,517,5.012640,Normal,1.79769e+308,,,-21.438100,8388416070450246313,null,15,5,0
1672,522,5.009680,Normal,38.67,38.670000,-15.000000,-20.800600,2836910968047401362,null,15,5,0
1673,527,5.011760,Normal,38.67,38.670000,-15.000000,-20.800600,4925134914919350704,null,15,5,0
1674,533,5.011950,Normal,38.67,38.670000,-15.000000,-20.800600,11842117443086454282,null,15,5,0
1675,538,5.011700,Normal,38.67,38.670000,-15.000000,-20.800600,10656281315224399713,null,15,5,0
1676,543,5.011670,Normal,38.67,38.670000,-15.000000,-20.800600,4850356882660507416,null,15,5,0
1677,548,5.011840,Normal,38.67,38.670000,-15.000000,-20.800600,1580757343223028028,null,15,5,0
1678,554,5.010670,Normal,38.67,38.670000,-15.000000,-20.800600,1445665279333818321,null,15,5,0
1679,559,5.011810,Normal,38.67,38.670000,-15.000000,-20.800600,3767191910551374580,null,15,5,0
1680,564,5.011580,Normal,38.67,38.670000,-15.000000,-20.800600,13574543896146291108,null,15,5,0
1681,569,5.012000,Normal,38.67,38.670000,-15.000000,-20.800600,7562539422724811027,null,15,5,0
1682,575,5.009030,Normal,38.67,38.670000,-15.000000,-20.800600,11077780500597632044,null,15,5,0
1683,580,5.011500,Normal,38.67,38.670000,-15.000000,-20.800600,2676575580767670294,null,15,5,0
1684,585,5.010520,Normal,38.67,38.670000,-15.000000,-20.800600,1622264179642754472,null,15,5,0
1685,590,5.011510,Normal,38.67,38.670000,-15.000000,-20.800600,10840003656429311940,null,15,5,0
1686,595,5.011520,Normal,38.67,38.670000,-15.000000,-20.800600,9256216091415914502,null,15,5,0
1687,601,5.011740,Normal,38.67,38.670000,-15.000000,-20.800600,1094418193338956683,null,15,5,0
1688,606,5.012790,Normal,38.67,38.670000,-15.000000,-20.800600,7005389721689805461,null,15,5,0
1689,611,5.012590,Normal,38.67,38.670000,-15.000000,-20.800600,5890529921685229783,null,15,5,0
1690,616,5.011930,Normal,42.92,42.920000,-15.000000,-21.438100,4914266739739092546,null,15,5,0
1691,622,5.011650,Normal,38.67,38.670000,-15.000000,-20.800600,1795031221949358468,null,15,5,0
1692,627,5.011750,Normal,38.67,38.670000,-15.000000,-20.800600,10253606843424261174,null,15,5,0
1693,635,7.015566,WatchdogAbortRequested,1.79769e+308,,,-512.000000,14699943929681912313,null,0,5,1
1694,640,5.010107,Normal,1.79769e+308,,,-19.848646,9550645649350722374,null,0,5,1
1695,647,6.737610,WatchdogAbortRequested,1.79769e+308,,,-512.000000,13032916018559836146,null,0,5,1
1696,633,5.012183,Normal,32.33,32.330000,-15.000000,-19.849704,12709006023103357559,null,1,5,1
1697,640,5.011255,Normal,32.33,32.330000,-15.000000,-19.849704,9489657655253269636,null,1,5,1
1698,645,5.010451,Normal,1.79769e+308,,,-19.827993,6940009298951378843,null,1,5,1
1699,633,5.008131,Normal,1.79769e+308,,,-19.851153,11747467883219348009,null,2,5,1
1700,640,5.030555,Normal,1.79769e+308,,,-19.851153,7639884621412703996,null,2,5,1
1701,633,5.028995,Normal,1.79769e+308,,,-19.851153,8925319050358451948,null,3,5,1
1702,640,5.011183,Normal,32.33,32.330000,-15.000000,-19.849704,15816136709549081758,null,3,5,1
1703,633,5.010002,Normal,32.33,32.330000,-15.000000,-19.849704,5476330358086918796,null,4,5,1
1704,640,5.011201,Normal,32.33,32.330000,-15.000000,-19.849704,1497108912621844746,null,4,5,1
1705,633,5.010848,Normal,32.33,32.330000,-15.000000,-19.849704,13835645590559012249,null,5,5,1
1706,640,5.011092,Normal,32.33,32.330000,-15.000000,-19.849704,6382880846989387025,null,5,5,1
1707,633,5.011928,Normal,32.33,32.330000,-15.000000,-19.849704,18315206075170989176,null,6,5,1
1708,640,5.012449,Normal,32.33,32.330000,-15.000000,-19.849704,17431937217137259418,null,6,5,1
1709,633,5.011010,Normal,32.33,32.330000,-15.000000,-19.849704,9000246068507262920,null,7,5,1
1710,640,5.012338,Normal,32.33,32.330000,-15.000000,-19.849704,6003651879656509521,null,7,5,1
1711,633,5.010742,Normal,24.06,24.060000,-16.000000,-19.849704,1174100016386836522,null,8,5,1
1712,640,5.012393,Normal,24.06,24.060000,-16.000000,-19.849704,16077442837882140257,null,8,5,1
1713,633,5.012338,Normal,32.33,32.330000,-15.000000,-19.849704,1451736178078490913,null,9,5,1
1714,640,5.011284,Normal,32.33,32.330000,-15.000000,-19.849704,16053673794878361067,null,9,5,1
1715,633,5.012064,Normal,32.33,32.330000,-15.000000,-19.849704,7260516532348470607,null,10,5,1
1716,640,5.010683,Normal,32.33,32.330000,-15.000000,-19.849704,9553203114210889106,null,10,5,1
1717,633,5.012073,Normal,32.33,32.330000,-15.000000,-19.849704,16436164858627452401,null,11,5,1
1718,640,5.011336,Normal,32.33,32.330000,-15.000000,-19.849704,14663730923117121595,null,11,5,1
1719,633,5.011395,Normal,24.06,24.060000,-16.000000,-19.849704,10380204532110912124,null,12,5,1
1720,640,5.011866,Normal,24.06,24.060000,-16.000000,-19.849704,2093967481442393880,null,12,5,1
1721,633,5.011526,Normal,24.06,24.060000,-16.000000,-19.849704,303846138992778301,null,13,5,1
1722,640,5.012119,Normal,24.06,24.060000,-16.000000,-19.849704,5570918439657971562,null,13,5,1
1723,633,5.012102,Normal,24.06,24.060000,-16.000000,-19.849704,18083745890015599773,null,14,5,1
1724,640,5.010723,Normal,24.06,24.060000,-16.000000,-19.849704,1433063093901123415,null,14,5,1
1725,633,5.010358,Normal,24.06,24.060000,-16.000000,-19.849704,9940146629092987156,null,15,5,1
1726,640,5.010854,Normal,24.06,24.060000,-16.000000,-19.849704,12478501276973961866,null,15,5,1
1727,654,5.012176,Normal,24.04,24.040000,-16.000000,-19.845667,12792464167385650724,null,0,6,0
1728,660,5.009678,Normal,32.26,32.260000,-15.000000,-19.839670,14490428747958439681,null,0,6,0
1729,665,5.018772,Normal,24.04,24.040000,-16.000000,-19.845667,14934294990662653824,null,0,6,0
1730,670,5.009193,Normal,37.91,37.910000,-15.000000,-20.686901,13790734798544355377,null,0,6,0
1731,675,5.011527,Normal,24.06,24.060000,-16.000000,-19.849704,8424167187030282361,null,0,6,0
1732,681,5.012059,Normal,24.04,24.040000,-16.000000,-19.845667,1073394099537835248,null,0,6,0
1733,686,5.007957,Normal,32.31,32.310000,-15.000000,-19.846624,245419558183932479,null,0,6,0
1734,691,5.010020,Normal,32.3,32.300000,-15.000000,-19.845667,793529847530509051,null,0,6,0
1735,696,5.024501,Normal,24.04,24.040000,-16.000000,-19.845667,15912659952655774779,null,0,6,0
1736,702,5.019421,Normal,24.04,24.040000,-16.000000,-19.845667,16878184670855612584,null,0,6,0
1737,707,5.020257,Normal,24.04,24.040000,-16.000000,-19.845667,592397209654764919,null,0,6,0
1738,712,5.011919,Normal,24.04,24.040000,-16.000000,-19.845667,1720681777228944100,null,0,6,0
1739,717,5.011907,Normal,24.06,24.060000,-16.000000,-19.849704,8558292052932462417,null,0,6,0
1740,723,5.012210,Normal,24.04,24.040000,-16.000000,-19.845667,17908780383184550750,null,0,6,0
1741,728,5.012052,Normal,24.04,24.040000,-16.000000,-19.845667,6405767724863109850,null,0,6,0
1742,733,5.013486,Normal,1.79769e+308,,,-20.095090,5926788249941814809,null,0,6,0
1743,738,5.012709,Normal,24.06,24.060000,-16.000000,-19.849704,4570483272912140741,null,0,6,0
1744,743,5.009575,Normal,24.04,24.040000,-16.000000,-19.845667,853917089586694203,null,0,6,0
1745,749,5.011865,Normal,24.06,24.060000,-16.000000,-19.849704,15728069949115925053,null,0,6,0
1746,754,5.023350,Normal,24.04,24.040000,-16.000000,-19.845667,3217595750681816921,null,0,6,0
1747,759,5.020723,Normal,24.04,24.040000,-16.000000,-19.845667,9772055280543090891,null,0,6,0
1748,764,5.010624,Normal,24.04,24.040000,-16.000000,-19.845667,4014417257971708353,null,0,6,0
1749,770,5.011947,Normal,24.06,24.060000,-16.000000,-19.849704,15793843011255449090,null,0,6,0
1750,775,5.017322,Normal,24.04,24.040000,-16.000000,-19.845667,8709606190361014893,null,0,6,0
1751,780,5.010048,Normal,24.04,24.040000,-16.000000,-19.845667,4083875431428285140,null,0,6,0
1752,785,5.010332,Normal,32.13,32.130000,-15.000000,-19.820185,17533054202885136910,null,0,6,0
1753,791,5.014558,Normal,1.79769e+308,,,-19.854237,16598047688946504342,null,0,6,0
1754,654,5.015280,Normal,42.92,42.920000,-15.000000,-21.438100,16042472505539144509,null,1,6,0
1755,660,5.014860,Normal,42.92,42.920000,-15.000000,-21.438100,749310748889073680,null,1,6,0
1756,665,5.015110,Normal,42.92,42.920000,-15.000000,-21.438100,5906167836196991563,null,1,6,0
1757,670,5.015180,Normal,42.92,42.920000,-15.000000,-21.438100,11640633016594228730,null,1,6,0
1758,675,5.015200,Normal,42.92,42.920000,-15.000000,-21.438100,9767019122305910838,null,1,6,0
1759,680,5.017010,Normal,42.92,42.920000,-15.000000,-21.438100,11572117307297383658,null,1,6,0
1760,686,5.015200,Normal,42.92,42.920000,-15.000000,-21.438100,9057723729788605636,null,1,6,0
1761,691,5.014860,Normal,42.92,42.920000,-15.000000,-21.438100,14711916776934202614,null,1,6,0
1762,696,5.014510,Normal,42.92,42.920000,-15.000000,-21.438100,5058166882421743235,null,1,6,0
1763,701,5.015280,Normal,42.92,42.920000,-15.000000,-21.438100,18208444255562164705,null,1,6,0
1764,707,5.012130,Normal,42.92,42.920000,-15.000000,-21.438100,7807053605804995588,null,1,6,0
1765,712,5.014370,Normal,42.92,42.920000,-15.000000,-21.438100,13421385008665167636,null,1,6,0
1766,717,5.013660,Normal,42.92,42.920000,-15.000000,-21.438100,6233584195787348524,null,1,6,0
1767,722,5.013990,Normal,38.58,38.580000,-15.000000,-20.786700,846963240835141310,null,1,6,0
1768,728,5.013610,Normal,38.58,38.580000,-15.000000,-20.786700,1941097679180241337,null,1,6,0
1769,733,5.014250,Normal,38.58,38.580000,-15.000000,-20.786700,7479991196794937343,null,1,6,0
1770,738,5.014060,Normal,38.58,38.580000,-15.000000,-20.786700,10705333100152008615,null,1,6,0
1771,743,5.014310,Normal,38.58,38.580000,-15.000000,-20.786700,13889306086954391925,null,1,6,0
1772,749,5.014120,Normal,38.58,38.580000,-15.000000,-20.786700,14940903680561108036,null,1,6,0
1773,754,5.014020,Normal,38.58,38.580000,-15.000000,-20.786700,6696637457737360804,null,1,6,0
1774,759,5.014180,Normal,38.58,38.580000,-15.000000,-20.786700,4122391582590918899,null,1,6,0
1775,764,5.014210,Normal,38.58,38.580000,-15.000000,-20.786700,4208087492178710538,null,1,6,0
1776,770,5.014120,Normal,38.58,38.580000,-15.000000,-20.786700,358798096914264577,null,1,6,0
1777,775,5.013940,Normal,38.58,38.580000,-15.000000,-20.786700,959821294720687727,null,1,6,0
1778,780,5.014020,Normal,38.58,38.580000,-15.000000,-20.786700,1497543889650007749,null,1,6,0
1779,785,5.014160,Normal,38.58,38.580000,-15.000000,-20.786700,2078888997109637603,null,1,6,0
1780,791,5.013980,Normal,38.58,38.580000,-15.000000,-20.786700,9512253177316200661,null,1,6,0
1781,654,5.009480,Normal,32.62,32.620000,-15.000000,-19.892300,13539794138318991924,null,2,6,0
1782,659,5.011820,Normal,33.48,33.480000,-15.000000,-20.021700,3081231251594788717,null,2,6,0
1783,665,5.009220,Normal,32.62,32.620000,-15.000000,-19.892300,5695426621519420006,null,2,6,0
1784,670,5.009120,Normal,32.62,32.620000,-15.000000,-19.892300,6544462746407242303,null,2,6,0
1785,675,5.009210,Normal,32.62,32.620000,-15.000000,-19.892300,10571124922885492455,null,2,6,0
1786,680,5.010540,Normal,32.62,32.620000,-15.000000,-19.892300,5653054300353571242,null,2,6,0
1787,686,5.008400,Normal,32.62,32.620000,-15.000000,-19.892300,14436976191369690329,null,2,6,0
1788,691,5.009040,Normal,32.62,32.620000,-15.000000,-19.892300,12288804170849171134,null,2,6,0
1789,696,5.008900,Normal,32.62,32.620000,-15.000000,-19.892300,7250555476643400535,null,2,6,0
1790,701,5.009000,Normal,32.62,32.620000,-15.000000,-19.892300,9948684842488989124,null,2,6,0
1791,707,5.009160,Normal,32.62,32.620000,-15.000000,-19.892300,13226459978506360824,null,2,6,0
1792,712,5.009030,Normal,32.62,32.620000,-15.000000,-19.892300,5566456276355766450,null,2,6,0
1793,717,5.009200,Normal,32.62,32.620000,-15.000000,-19.892300,6656406193478089555,null,2,6,0
1794,722,5.009040,Normal,32.62,32.620000,-15.000000,-19.892300,14313432252465136873,null,2,6,0
1795,728,5.010260,Normal,36.3,36.300000,-15.000000,-20.444500,17197069717951507919,null,2,6,0
1796,733,5.008220,Normal,32.62,32.620000,-15.000000,-19.892300,6648256343283889711,null,2,6,0
1797,738,5.008970,Normal,32.73,32.730000,-15.000000,-19.910100,4347664511479080764,null,2,6,0
1798,743,5.009020,Normal,32.62,32.620000,-15.000000,-19.892300,8837361525208961942,null,2,6,0
1799,749,5.009180,Normal,32.62,32.620000,-15.000000,-19.892300,11671772411696288469,null,2,6,0
1800,754,5.012670,Normal,33.87,33.870000,-15.000000,-20.081200,2863499454857490334,null,2,6,0
1801,759,5.009050,Normal,32.62,32.620000,-15.000000,-19.892300,2703432124680778732,null,2,6,0
1802,764,5.009140,Normal,32.62,32.620000,-15.000000,-19.892300,74274154362897694,null,2,6,0
1803,769,5.009240,Normal,32.62,32.620000,-15.000000,-19.892300,2131566593087759469,null,2,6,0
1804,775,5.008670,Normal,32.62,32.620000,-15.000000,-19.892300,18135256323810315336,null,2,6,0
1805,780,5.008910,Normal,32.67,32.670000,-15.000000,-19.900300,222046424511647717,null,2,6,0
1806,785,5.009090,Normal,32.62,32.620000,-15.000000,-19.892300,7861273359551515933,null,2,6,0
1807,790,5.009090,Normal,32.62,32.620000,-15.000000,-19.892300,8930560169999878387,null,2,6,0
1808,654,5.009620,Normal,34.52,34.520000,-15.000000,-20.178600,17251458012434435200,null,3,6,0
1809,660,5.009910,Normal,34.52,34.520000,-15.000000,-20.178600,3817166937177610414,null,3,6,0
1810,665,5.009840,Normal,34.52,34.520000,-15.000000,-20.178600,14100816347746557693,null,3,6,0
1811,670,5.009560,Normal,34.52,34.520000,-15.000000,-20.178600,6037884335276767740,null,3,6,0
1812,675,5.009660,Normal,34.52,34.520000,-15.000000,-20.178600,6782495643170318469,null,3,6,0
1813,680,5.009880,Normal,34.52,34.520000,-15.000000,-20.178600,15374964301911113317,null,3,6,0
1814,686,5.009810,Normal,34.52,34.520000,-15.000000,-20.178600,8179298266046161808,null,3,6,0
1815,691,5.010160,Normal,34.52,34.520000,-15.000000,-20.178600,7907730604154395014,null,3,6,0
1816,696,5.009830,Normal,34.52,34.520000,-15.000000,-20.178600,1079428979827010591,null,3,6,0
1817,701,5.010090,Normal,34.52,34.520000,-15.000000,-20.178600,17663128579810437383,null,3,6,0
1818,707,5.009800,Normal,34.52,34.520000,-15.000000,-20.178600,5212051115626006076,null,3,6,0
1819,712,5.009850,Normal,34.52,34.520000,-15.000000,-20.178600,1434174316230892723,null,3,6,0
1820,717,5.009630,Normal,34.52,34.520000,-15.000000,-20.178600,8824076864211989917,null,3,6,0
1821,722,5.009980,Normal,34.52,34.520000,-15.000000,-20.178600,12746827773927802822,null,3,6,0
1822,728,5.010870,Normal,34.8,34.800000,-15.000000,-20.219500,8735937285870911768,null,3,6,0
1823,733,5.009980,Normal,34.52,34.520000,-15.000000,-20.178600,6263983909955620554,null,3,6,0
1824,738,5.009930,Normal,34.52,34.520000,-15.000000,-20.178600,6690878704881860486,null,3,6,0
1825,743,5.009900,Normal,34.52,34.520000,-15.000000,-20.178600,17185434279419866324,null,3,6,0
1826,749,5.009830,Normal,34.52,34.520000,-15.000000,-20.178600,16170184709715086542,null,3,6,0
1827,754,5.009910,Normal,34.52,34.520000,-15.000000,-20.178600,1495328122415588767,null,3,6,0
1828,759,5.010080,Normal,34.52,34.520000,-15.000000,-20.178600,1039845840646983395,null,3,6,0
1829,764,5.010520,Normal,34.52,34.520000,-15.000000,-20.178600,8175899695296346307,null,3,6,0
1830,770,5.009930,Normal,34.52,34.520000,-15.000000,-20.178600,7330478766298682745,null,3,6,0
1831,775,5.010590,Normal,32.34,32.340000,-15.000000,-19.851200,16185613503930694714,null,3,6,0
1832,780,5.010450,Normal,32.34,32.340000,-15.000000,-19.851200,1175479212009357258,null,3,6,0
1833,785,5.009270,Normal,32.34,32.340000,-15.000000,-19.851200,5213132952031480963,null,3,6,0
1834,791,5.017420,Normal,38.35,38.350000,-15.000000,-20.752900,1311592626419945348,null,3,6,0
1835,654,5.036750,Normal,27.32,27.320000,-16.000000,-20.370800,11178077652537089559,null,4,6,0
1836,660,5.009240,Normal,27.13,27.130000,-16.000000,-20.341200,7545690619373050795,null,4,6,0
1837,665,5.011510,Normal,27.41,27.410000,-16.000000,-20.385300,907948827506441038,null,4,6,0
1838,670,5.009410,Normal,27.13,27.130000,-16.000000,-20.341200,8205967401729784026,null,4,6,0
1839,675,5.009210,Normal,27.13,27.130000,-16.000000,-20.341200,7824088432266860732,null,4,6,0
1840,681,5.010010,Normal,27.13,27.130000,-16.000000,-20.341200,9258844324025986539,null,4,6,0
1841,686,5.011440,Normal,27.15,27.150000,-16.000000,-20.343500,18252241465947012262,null,4,6,0
1842,691,5.009400,Normal,27.13,27.130000,-16.000000,-20.341200,13527546774569312025,null,4,6,0
1843,696,5.009160,Normal,27.13,27.130000,-16.000000,-20.341200,4991273021607875257,null,4,6,0
1844,702,5.009330,Normal,27.13,27.130000,-16.000000,-20.341200,10624534004675922730,null,4,6,0
1845,707,5.010420,Normal,27.13,27.130000,-16.000000,-20.340700,9718822250944963752,null,4,6,0
1846,712,5.010050,Normal,35.71,35.710000,-15.000000,-20.357200,15852349888851374346,null,4,6,0
1847,717,5.009590,Normal,27.16,27.160000,-16.000000,-20.345700,8862356325027290677,null,4,6,0
1848,722,5.009160,Normal,27.13,27.130000,-16.000000,-20.341200,14021172557195053903,null,4,6,0
1849,728,5.009470,Normal,27.16,27.160000,-16.000000,-20.345700,5970419971724124369,null,4,6,0
1850,733,5.009310,Normal,27.13,27.130000,-16.000000,-20.341200,18330386729615028340,null,4,6,0
1851,738,5.010160,Normal,33.54,33.540000,-15.000000,-20.031400,9706372534296533236,null,4,6,0
1852,743,5.009460,Normal,27.13,27.130000,-16.000000,-20.341200,3957603108667800602,null,4,6,0
1853,749,5.009140,Normal,27.13,27.130000,-16.000000,-20.341200,3668245150485796663,null,4,6,0
1854,754,5.009270,Normal,27.13,27.130000,-16.000000,-20.341200,3993785235474428004,null,4,6,0
1855,759,5.009740,Normal,32.34,32.340000,-15.000000,-19.851200,2751041395079058488,null,4,6,0
1856,764,5.009610,Normal,27.13,27.130000,-16.000000,-20.341200,7503617495167643499,null,4,6,0
1857,770,5.009140,Normal,27.13,27.130000,-16.000000,-20.341200,14255506306172803339,null,4,6,0
1858,775,5.009410,Normal,35.71,35.710000,-15.000000,-20.357200,3878396707652577868,null,4,6,0
1859,780,5.009340,Normal,27.14,27.140000,-16.000000,-20.342800,18259931893540533669,null,4,6,0
1860,785,5.009250,Normal,27.13,27.130000,-16.000000,-20.341200,8476945212243170533,null,4,6,0
1861,791,5.010880,Normal,25.3,25.300000,-16.000000,-20.047300,17377146481453377623,null,4,6,0
1862,654,5.011710,Normal,36.3,36.300000,-15.000000,-20.444500,14859210296556761261,null,5,6,0
1863,660,5.011530,Normal,36.3,36.300000,-15.000000,-20.444500,1418851145475717342,null,5,6,0
1864,665,5.011700,Normal,36.3,36.300000,-15.000000,-20.444500,1551987339843258275,null,5,6,0
1865,670,5.011520,Normal,36.3,36.300000,-15.000000,-20.444500,2532149523815392036,null,5,6,0
1866,675,5.011740,Normal,36.3,36.300000,-15.000000,-20.444500,1520209221616997486,null,5,6,0
1867,680,5.011620,Normal,36.3,36.300000,-15.000000,-20.444500,15727207397695062478,null,5,6,0
1868,686,5.011430,Normal,36.3,36.300000,-15.000000,-20.444500,4377251837013724669,null,5,6,0
1869,691,5.011240,Normal,36.3,36.300000,-15.000000,-20.444500,12428790205747228632,null,5,6,0
1870,696,5.011480,Normal,36.3,36.300000,-15.000000,-20.444500,349058647248030413,null,5,6,0
1871,701,5.011730,Normal,36.3,36.300000,-15.000000,-20.444500,4577620331302349300,null,5,6,0
1872,707,5.011570,Normal,36.3,36.300000,-15.000000,-20.444500,11065328172241605009,null,5,6,0
1873,712,5.014550,Normal,42.92,42.920000,-15.000000,-21.438100,10103932330943549220,null,5,6,0
1874,717,5.011190,Normal,36.3,36.300000,-15.000000,-20.444500,6161710529621825023,null,5,6,0
1875,722,5.011620,Normal,36.3,36.300000,-15.000000,-20.444500,2973646849049251309,null,5,6,0
1876,728,5.011620,Normal,36.3,36.300000,-15.000000,-20.444500,5446119132700881993,null,5,6,0
1877,733,5.011690,Normal,36.3,36.300000,-15.000000,-20.444500,6738555784340081936,null,5,6,0
1878,738,5.011630,Normal,36.3,36.300000,-15.000000,-20.444500,1609963301273860171,null,5,6,0
1879,743,5.011390,Normal,36.3,36.300000,-15.000000,-20.444500,1295487129748026543,null,5,6,0
1880,749,5.011610,Normal,36.3,36.300000,-15.000000,-20.444500,11374362334437081640,null,5,6,0
1881,754,5.011280,Normal,36.3,36.300000,-15.000000,-20.444500,7352515798437572070,null,5,6,0
1882,759,5.011470,Normal,36.3,36.300000,-15.000000,-20.444500,2416911665455459827,null,5,6,0
1883,764,5.011390,Normal,36.3,36.300000,-15.000000,-20.444500,7687817564906957774,null,5,6,0
1884,770,5.010980,Normal,36.3,36.300000,-15.000000,-20.444500,7552063994809688781,null,5,6,0
1885,775,5.011520,Normal,36.3,36.300000,-15.000000,-20.444500,347316597271563627,null,5,6,0
1886,780,5.011500,Normal,36.3,36.300000,-15.000000,-20.444500,5847053468355394551,null,5,6,0
1887,785,5.011130,Normal,36.3,36.300000,-15.000000,-20.444500,17166164685169110630,null,5,6,0
1888,791,5.011650,Normal,36.3,36.300000,-15.000000,-20.444500,7514453616403646937,null,5,6,0
1889,654,5.015390,Normal,1.79769e+308,,,-20.100500,12546143293482953754,null,6,6,0
1890,659,5.014070,Normal,1.79769e+308,,,-20.119100,10565257986913988270,null,6,6,0
1891,665,5.014700,Normal,1.79769e+308,,,-20.100500,13663004600433672988,null,6,6,0
1892,670,5.014640,Normal,1.79769e+308,,,-20.100500,3941383233122980917,null,6,6,0
1893,675,5.014750,Normal,1.79769e+308,,,-20.100500,18075833009777030239,null,6,6,0
1894,680,5.009310,Normal,1.79769e+308,,,-20.100500,16726355576575833782,null,6,6,0
1895,686,5.014640,Normal,1.79769e+308,,,-20.100500,6405212782044883218,null,6,6,0
1896,691,5.014430,Normal,34.28,34.280000,-15.000000,-20.142500,3508469217980861469,null,6,6,0
1897,696,5.013860,Normal,34.4,34.400000,-15.000000,-20.159900,9889483735445914403,null,6,6,0
1898,701,5.014270,Normal,34.28,34.280000,-15.000000,-20.142500,719339262456967043,null,6,6,0
1899,707,5.013980,Normal,34.28,34.280000,-15.000000,-20.142500,18130144164377279050,null,6,6,0
1900,712,5.013990,Normal,34.28,34.280000,-15.000000,-20.142500,14651683234842168598,null,6,6,0
1901,717,5.013310,Normal,34.28,34.280000,-15.000000,-20.142500,9969600987454277108,null,6,6,0
1902,722,5.013390,Normal,34.28,34.280000,-15.000000,-20.142500,14528948346257047719,null,6,6,0
1903,728,5.010790,Normal,34.28,34.280000,-15.000000,-20.142500,14741232282123326877,null,6,6,0
1904,733,5.008520,Normal,34.28,34.280000,-15.000000,-20.142500,13246980898208053573,null,6,6,0
1905,738,5.012550,Normal,34.28,34.280000,-15.000000,-20.142500,13045855503968322701,null,6,6,0
1906,743,5.010410,Normal,34.28,34.280000,-15.000000,-20.142500,3632959438165962398,null,6,6,0
1907,749,5.012190,Normal,34.28,34.280000,-15.000000,-20.142500,4913100928695946529,null,6,6,0
1908,754,5.012870,Normal,34.28,34.280000,-15.000000,-20.142500,16111410610303854001,null,6,6,0
1909,759,5.010640,Normal,34.28,34.280000,-15.000000,-20.142500,4512814703405634940,null,6,6,0
1910,764,5.012690,Normal,34.28,34.280000,-15.000000,-20.142500,11991269597341020128,null,6,6,0
1911,769,5.012710,Normal,35.56,35.560000,-15.000000,-20.333300,7710240011600126559,null,6,6,0
1912,775,5.011940,Normal,34.28,34.280000,-15.000000,-20.142500,8069562954378974949,null,6,6,0
1913,780,5.011840,Normal,34.13,34.130000,-15.000000,-20.119100,2203909237201323896,null,6,6,0
1914,785,5.012570,Normal,34.13,34.130000,-15.000000,-20.119100,14328003291940909487,null,6,6,0
1915,791,5.014450,Normal,34.13,34.130000,-15.000000,-20.119100,9223349631120873875,null,6,6,0
1916,654,5.013770,Normal,42.92,42.920000,-15.000000,-21.438100,2428873813211616850,null,7,6,0
1917,659,5.014220,Normal,42.92,42.920000,-15.000000,-21.438100,2972634720343383405,null,7,6,0
1918,665,5.014380,Normal,42.92,42.920000,-15.000000,-21.438100,8204989334293401334,null,7,6,0
1919,670,5.014420,Normal,42.92,42.920000,-15.000000,-21.438100,15472918717805156236,null,7,6,0
1920,675,5.014160,Normal,42.92,42.920000,-15.000000,-21.438100,14405966750203182417,null,7,6,0
1921,680,5.011020,Normal,42.92,42.920000,-15.000000,-21.438100,15630036707979340312,null,7,6,0
1922,686,5.014250,Normal,42.92,42.920000,-15.000000,-21.438100,14751815668528172095,null,7,6,0
1923,691,5.014980,Normal,42.92,42.920000,-15.000000,-21.438100,17953289592834415055,null,7,6,0
1924,696,5.014110,Normal,42.92,42.920000,-15.000000,-21.438100,7268161790329969083,null,7,6,0
1925,701,5.014650,Normal,1.79769e+308,,,-21.438100,18364647696752961334,null,7,6,0
1926,707,5.013880,Normal,42.92,42.920000,-15.000000,-21.438100,12068298346381143401,null,7,6,0
1927,712,5.014330,Normal,42.92,42.920000,-15.000000,-21.438100,17427034959850733066,null,7,6,0
1928,717,5.012100,Normal,34.4,34.400000,-15.000000,-20.159900,4183499312143147450,null,7,6,0
1929,722,5.011330,Normal,34.4,34.400000,-15.000000,-20.159900,16175971629087534875,null,7,6,0
1930,728,5.011810,Normal,34.4,34.400000,-15.000000,-20.159900,9072526260008655477,null,7,6,0
1931,733,5.018000,Normal,34.13,34.130000,-15.000000,-20.119100,17493870737879299416,null,7,6,0
1932,738,5.023630,Normal,34.13,34.130000,-15.000000,-20.119100,11692594640311475603,null,7,6,0
1933,744,5.033710,Normal,34.13,34.130000,-15.000000,-20.119100,17611691562408877464,null,7,6,0
1934,749,5.026100,Normal,34.13,34.130000,-15.000000,-20.119100,14916384426588021247,null,7,6,0
1935,754,5.017900,Normal,34.13,34.130000,-15.000000,-20.119100,8852986037436231859,null,7,6,0
1936,759,5.025580,Normal,34.13,34.130000,-15.000000,-20.119100,9019149722074004954,null,7,6,0
1937,765,5.010440,Normal,34.13,34.130000,-15.000000,-20.119100,14377020596314359688,null,7,6,0
1938,770,5.011970,Normal,34.13,34.130000,-15.000000,-20.119100,10846697967009045548,null,7,6,0
1939,775,5.018020,Normal,34.13,34.130000,-15.000000,-20.119100,2237817629548183035,null,7,6,0
1940,780,5.012890,Normal,34.13,34.130000,-15.000000,-20.119100,9788895972045681108,null,7,6,0
1941,786,5.012010,Normal,34.13,34.130000,-15.000000,-20.119100,9707599768932180718,null,7,6,0
1942,791,5.012000,Normal,34.13,34.130000,-15.000000,-20.119100,5538234399483307871,null,7,6,0
1943,654,5.012940,Normal,42.8,42.800000,-15.000000,-21.420600,4730847417242765248,null,8,6,0
1944,659,5.010400,Normal,42.8,42.800000,-15.000000,-21.420600,13882129561444430320,null,8,6,0
1945,665,5.010580,Normal,42.8,42.800000,-15.000000,-21.420600,2602295601047092327,null,8,6,0
1946,670,5.016810,Normal,42.8,42.800000,-15.000000,-21.420600,16139702800951174991,null,8,6,0
1947,675,5.010620,Normal,42.8,42.800000,-15.000000,-21.420600,17274093812961210984,null,8,6,0
1948,680,5.011100,Normal,42.8,42.800000,-15.000000,-21.420600,14224256890664427804,null,8,6,0
1949,686,5.011010,Normal,42.8,42.800000,-15.000000,-21.420600,6324793526427524897,null,8,6,0
1950,691,5.010970,Normal,42.8,42.800000,-15.000000,-21.420600,9243036957518109954,null,8,6,0
1951,696,5.010180,Normal,42.8,42.800000,-15.000000,-21.420600,3437964994712683497,null,8,6,0
1952,701,5.011240,Normal,42.8,42.800000,-15.000000,-21.420600,8424474523033796956,null,8,6,0
1953,707,5.011010,Normal,42.8,42.800000,-15.000000,-21.420600,14218126171659097444,null,8,6,0
1954,712,5.010620,Normal,42.8,42.800000,-15.000000,-21.420600,17328947013507726596,null,8,6,0
1955,717,5.011790,Normal,42.8,42.800000,-15.000000,-21.420600,15543727368825658642,null,8,6,0
1956,722,5.010230,Normal,42.8,42.800000,-15.000000,-21.420600,11398740111333302661,null,8,6,0
1957,727,5.019370,Normal,42.8,42.800000,-15.000000,-21.420600,11333484165935714804,null,8,6,0
1958,733,5.022240,Normal,42.8,42.800000,-15.000000,-21.420600,11412215944966722655,null,8,6,0
1959,738,5.010990,Normal,42.8,42.800000,-15.000000,-21.420600,2159093877166751446,null,8,6,0
1960,743,5.013010,Normal,42.8,42.800000,-15.000000,-21.420600,10362722087966592777,null,8,6,0
1961,748,5.012010,Normal,42.8,42.800000,-15.000000,-21.420600,17824274263868360114,null,8,6,0
1962,754,5.010620,Normal,42.8,42.800000,-15.000000,-21.420600,8411545926459942500,null,8,6,0
1963,759,5.012940,Normal,42.8,42.800000,-15.000000,-21.420600,15008274133390332930,null,8,6,0
1964,764,5.029420,Normal,42.8,42.800000,-15.000000,-21.420600,9260500252402554372,null,8,6,0
1965,769,5.010330,Normal,42.8,42.800000,-15.000000,-21.420600,17709999097137465973,null,8,6,0
1966,775,5.010600,Normal,42.8,42.800000,-15.000000,-21.420600,2668972789152819072,null,8,6,0
1967,780,5.010300,Normal,42.8,42.800000,-15.000000,-21.420600,4829607734740070503,null,8,6,0
1968,785,5.010980,Normal,42.8,42.800000,-15.000000,-21.420600,6994307046625361755,null,8,6,0
1969,790,5.011880,Normal,42.8,42.800000,-15.000000,-21.420600,9248673417365341441,null,8,6,0
1970,654,5.015550,Normal,42.92,42.920000,-15.000000,-21.438100,11849649426416604654,null,9,6,0
1971,660,5.014010,Normal,42.92,42.920000,-15.000000,-21.438100,11827045252040633132,null,9,6,0
1972,665,5.015190,Normal,42.92,42.920000,-15.000000,-21.438100,9588006737542598352,null,9,6,0
1973,670,5.015410,Normal,42.92,42.920000,-15.000000,-21.438100,14544773199136691985,null,9,6,0
1974,675,5.015950,Normal,42.92,42.920000,-15.000000,-21.438100,14286591636306361106,null,9,6,0
1975,680,5.015710,Normal,42.92,42.920000,-15.000000,-21.438100,5715749706338680899,null,9,6,0
1976,686,5.014960,Normal,42.92,42.920000,-15.000000,-21.438100,11474750736855518083,null,9,6,0
1977,691,5.015620,Normal,42.92,42.920000,-15.000000,-21.438100,12908667465304153756,null,9,6,0
1978,696,5.015260,Normal,42.92,42.920000,-15.000000,-21.438100,1762146166478957736,null,9,6,0
1979,701,5.015570,Normal,42.92,42.920000,-15.000000,-21.438100,8031939739258915818,null,9,6,0
1980,707,5.015330,Normal,42.92,42.920000,-15.000000,-21.438100,671638073966947533,null,9,6,0
1981,712,5.012190,Normal,42.92,42.920000,-15.000000,-21.438100,2016413248177334800,null,9,6,0
1982,717,5.015660,Normal,42.92,42.920000,-15.000000,-21.438100,14453840296504537000,null,9,6,0
1983,722,5.015420,Normal,42.92,42.920000,-15.000000,-21.438100,6878136646494818656,null,9,6,0
1984,728,5.015580,Normal,42.92,42.920000,-15.000000,-21.438100,15244937287481956769,null,9,6,0
1985,733,5.015420,Normal,42.92,42.920000,-15.000000,-21.438100,318430924826256862,null,9,6,0
1986,738,5.014480,Normal,42.92,42.920000,-15.000000,-21.438100,14755041709515670837,null,9,6,0
1987,743,5.015630,Normal,42.92,42.920000,-15.000000,-21.438100,17131696598431015887,null,9,6,0
1988,749,5.014490,Normal,42.92,42.920000,-15.000000,-21.438100,11199444802690492273,null,9,6,0
1989,754,5.015740,Normal,42.92,42.920000,-15.000000,-21.438100,14999145604456478909,null,9,6,0
1990,759,5.014850,Normal,42.92,42.920000,-15.000000,-21.438100,4866210084844729010,null,9,6,0
1991,764,5.015000,Normal,42.92,42.920000,-15.000000,-21.438100,967881220262440208,null,9,6,0
1992,770,5.017050,Normal,1.79769e+308,,,-21.438100,15193971771926673188,null,9,6,0
1993,775,5.016670,Normal,42.92,42.920000,-15.000000,-21.438100,8919432773961767280,null,9,6,0
1994,780,5.106580,Normal,42.92,42.920000,-15.000000,-21.438100,12864598809073305400,null,9,6,0
1995,785,5.015400,Normal,42.92,42.920000,-15.000000,-21.438100,16173408304420740919,null,9,6,0
1996,791,5.015470,Normal,42.92,42.920000,-15.000000,-21.438100,2790062781038130031,null,9,6,0
1997,654,5.012060,Normal,42.92,42.920000,-15.000000,-21.438100,10911788656609410400,null,10,6,0
1998,660,5.018070,Normal,42.92,42.920000,-15.000000,-21.438100,253639128634275843,null,10,6,0
1999,665,5.014170,Normal,42.92,42.920000,-15.000000,-21.438100,10058000615597944860,null,10,6,0
2000,670,5.016250,Normal,42.92,42.920000,-15.000000,-21.438100,7901607768320169713,null,10,6,0
2001,675,5.020010,Normal,42.92,42.920000,-15.000000,-21.438100,15421775635681747458,null,10,6,0
2002,680,5.011630,Normal,42.92,42.920000,-15.000000,-21.438100,2262913335165832741,null,10,6,0
2003,686,5.020010,Normal,42.92,42.920000,-15.000000,-21.438100,2629314010959870116,null,10,6,0
2004,691,5.021370,Normal,42.92,42.920000,-15.000000,-21.438100,12593960788307956559,null,10,6,0
2005,696,5.015340,Normal,42.92,42.920000,-15.000000,-21.438100,11452797980343718763,null,10,6,0
2006,701,5.011260,Normal,42.92,42.920000,-15.000000,-21.438100,9418455121593168514,null,10,6,0
2007,707,5.013220,Normal,42.92,42.920000,-15.000000,-21.438100,12842155669817357257,null,10,6,0
2008,712,5.013790,Normal,42.92,42.920000,-15.000000,-21.438100,12795311573818532285,null,10,6,0
2009,717,5.018060,Normal,42.92,42.920000,-15.000000,-21.438100,1943600770368193050,null,10,6,0
2010,722,5.014640,Normal,42.92,42.920000,-15.000000,-21.438100,6531458318333541468,null,10,6,0
2011,728,5.011930,Normal,42.92,42.920000,-15.000000,-21.438100,8349787767327021206,null,10,6,0
2012,733,5.018030,Normal,42.92,42.920000,-15.000000,-21.438100,15536841112673123966,null,10,6,0
2013,738,5.021500,Normal,42.92,42.920000,-15.000000,-21.438100,13225634880817147044,null,10,6,0
2014,743,5.014360,Normal,42.92,42.920000,-15.000000,-21.438100,773393860867277834,null,10,6,0
2015,749,5.017510,Normal,42.92,42.920000,-15.000000,-21.438100,10920372709232221395,null,10,6,0
2016,754,5.012400,Normal,42.92,42.920000,-15.000000,-21.438100,13863326824337532063,null,10,6,0
2017,759,5.016180,Normal,42.92,42.920000,-15.000000,-21.438100,17077081307590948018,null,10,6,0
2018,764,5.013480,Normal,1.79769e+308,,,-21.438100,1426272773654343179,null,10,6,0
2019,770,5.013480,Normal,42.92,42.920000,-15.000000,-21.438100,13166436137722195584,null,10,6,0
2020,775,5.014090,Normal,42.92,42.920000,-15.000000,-21.438100,10853818092460272191,null,10,6,0
2021,780,5.012360,Normal,42.92,42.920000,-15.000000,-21.438100,491207970966555584,null,10,6,0
2022,785,5.016390,Normal,42.92,42.920000,-15.000000,-21.438100,5731710536883123556,null,10,6,0
2023,791,5.012810,Normal,42.92,42.920000,-15.000000,-21.438100,13274858320561523568,null,10,6,0
2024,654,5.015270,Normal,35.61,35.610000,-15.000000,-20.341700,16993099958105372581,null,11,6,0
2025,660,5.011750,Normal,35.61,35.610000,-15.000000,-20.341700,17116215673868139366,null,11,6,0
2026,665,5.011260,Normal,35.61,35.610000,-15.000000,-20.341700,14668634029505354082,null,11,6,0
2027,670,5.012480,Normal,35.61,35.610000,-15.000000,-20.341700,398399907622707695,null,11,6,0
2028,675,5.033880,Normal,35.48,35.480000,-15.000000,-20.321700,12830299428824254413,null,11,6,0
2029,681,5.012090,Normal,34.03,34.030000,-15.000000,-20.103800,616385094815769600,null,11,6,0
2030,686,5.013570,Normal,34.03,34.030000,-15.000000,-20.103800,15993355166162946123,null,11,6,0
2031,691,5.012070,Normal,35.48,35.480000,-15.000000,-20.321700,718855087230798247,null,11,6,0
2032,696,5.012740,Normal,34.03,34.030000,-15.000000,-20.103800,15419946147033196344,null,11,6,0
2033,702,5.012290,Normal,34.03,34.030000,-15.000000,-20.103800,1756504797408190382,null,11,6,0
2034,707,5.012610,Normal,34.03,34.030000,-15.000000,-20.103800,5003354556306325516,null,11,6,0
2035,712,5.011700,Normal,1.79769e+308,,,-20.103800,4735359229895889611,null,11,6,0
2036,717,5.012560,Normal,34.03,34.030000,-15.000000,-20.103800,7978346556802876438,null,11,6,0
2037,723,5.044100,Normal,35.48,35.480000,-15.000000,-20.321700,7472098597841590330,null,11,6,0
2038,728,5.012350,Normal,34.03,34.030000,-15.000000,-20.103800,14430799760931162652,null,11,6,0
2039,733,5.012240,Normal,34.03,34.030000,-15.000000,-20.103800,16257899738086755133,null,11,6,0
2040,738,5.012180,Normal,34.03,34.030000,-15.000000,-20.103800,6898536542971593417,null,11,6,0
2041,744,5.012620,Normal,34.03,34.030000,-15.000000,-20.103800,9729497557459676983,null,11,6,0
2042,749,5.009560,Normal,35.72,35.720000,-15.000000,-20.357300,1244971510232699689,null,11,6,0
2043,754,5.009170,Normal,33.83,33.830000,-15.000000,-20.074300,13963288826052191866,null,11,6,0
2044,759,5.008640,Normal,33.83,33.830000,-15.000000,-20.074300,11931234497415590377,null,11,6,0
2045,765,5.008130,Normal,33.23,33.230000,-15.000000,-19.985100,6026825031862820167,null,11,6,0
2046,770,5.008110,Normal,33.23,33.230000,-15.000000,-19.985100,11350433040962331856,null,11,6,0
2047,775,5.087000,Normal,33.23,33.230000,-15.000000,-19.985100,2832108153871121269,null,11,6,0
2048,780,5.009180,Normal,33.23,33.230000,-15.000000,-19.985100,15898900950054851425,null,11,6,0
2049,786,5.009410,Normal,33.23,33.230000,-15.000000,-19.985100,10765684784360733972,null,11,6,0
2050,791,5.009140,Normal,33.23,33.230000,-15.000000,-19.985100,15637975360176061414,null,11,6,0
2051,654,5.011480,Normal,1.79769e+308,,,-21.420600,17207892216419031171,null,12,6,0
2052,660,5.011640,Normal,1.79769e+308,,,-21.420600,5758598066555002045,null,12,6,0
2053,665,5.011700,Normal,1.79769e+308,,,-21.420600,15791930317531856468,null,12,6,0
2054,670,5.011560,Normal,1.79769e+308,,,-21.420600,29446492344101141,null,12,6,0
2055,675,5.011560,Normal,1.79769e+308,,,-21.420600,15643399034700438418,null,12,6,0
2056,680,5.012370,Normal,1.79769e+308,,,-21.420600,1892995889593071963,null,12,6,0
2057,686,5.010990,Normal,1.79769e+308,,,-21.420600,7212507766039478859,null,12,6,0
2058,691,5.011510,Normal,1.79769e+308,,,-21.420600,4060592851579684941,null,12,6,0
2059,696,5.009780,Normal,42.8,42.800000,-15.000000,-21.420600,6672667339371772264,null,12,6,0
2060,702,5.010280,Normal,42.8,42.800000,-15.000000,-21.420600,12758169985599002077,null,12,6,0
2061,707,5.010270,Normal,42.8,42.800000,-15.000000,-21.420600,4931444171181063489,null,12,6,0
2062,712,5.012120,Normal,42.8,42.800000,-15.000000,-21.420600,2695244379755152710,null,12,6,0
2063,717,5.010180,Normal,42.8,42.800000,-15.000000,-21.420600,13486186909732058284,null,12,6,0
2064,723,5.010430,Normal,42.8,42.800000,-15.000000,-21.420600,13919575868796546441,null,12,6,0
2065,728,5.011660,Normal,42.8,42.800000,-15.000000,-21.420600,531008907274209311,null,12,6,0
2066,733,5.010650,Normal,42.8,42.800000,-15.000000,-21.420600,11086590250858888615,null,12,6,0
2067,738,5.010090,Normal,42.8,42.800000,-15.000000,-21.420600,12963475151450463210,null,12,6,0
2068,743,5.010300,Normal,42.8,42.800000,-15.000000,-21.420600,10430572797079442890,null,12,6,0
2069,749,5.008320,Normal,42.8,42.800000,-15.000000,-21.420600,11794136741316448712,null,12,6,0
2070,754,5.011640,Normal,42.8,42.800000,-15.000000,-21.420600,16874310845106713761,null,12,6,0
2071,759,5.009560,Normal,42.8,42.800000,-15.000000,-21.420600,12868830290337164172,null,12,6,0
2072,764,5.010980,Normal,42.8,42.800000,-15.000000,-21.420600,4569682619760966658,null,12,6,0
2073,770,5.010490,Normal,42.8,42.800000,-15.000000,-21.420600,5851145720272308550,null,12,6,0
2074,775,5.009730,Normal,42.8,42.800000,-15.000000,-21.420600,15428514665384709232,null,12,6,0
2075,780,5.009940,Normal,42.8,42.800000,-15.000000,-21.420600,10623597327713669219,null,12,6,0
2076,785,5.010380,Normal,42.8,42.800000,-15.000000,-21.420600,17840958486844508337,null,12,6,0
2077,791,5.009440,Normal,42.8,42.800000,-15.000000,-21.420600,13966617458827894102,null,12,6,0
2078,654,5.011760,Normal,32.17,32.170000,-15.000000,-19.824800,10612213149936754462,null,13,6,0
2079,660,5.009390,Normal,32.34,32.340000,-15.000000,-19.851200,12835552082073990739,null,13,6,0
2080,665,5.012310,Normal,32.17,32.170000,-15.000000,-19.824800,13224426563588381438,null,13,6,0
2081,670,5.008790,Normal,32.17,32.170000,-15.000000,-19.824800,5624512786179243674,null,13,6,0
2082,675,5.011780,Normal,32.17,32.170000,-15.000000,-19.824800,18295499956592816864,null,13,6,0
2083,680,5.012010,Normal,32.17,32.170000,-15.000000,-19.824800,17211331639507592210,null,13,6,0
2084,686,5.011980,Normal,32.17,32.170000,-15.000000,-19.824800,3812129306459562494,null,13,6,0
2085,691,5.009740,Normal,32.09,32.090000,-15.000000,-19.813000,3907176482406523872,null,13,6,0
2086,696,5.011920,Normal,32.34,32.340000,-15.000000,-19.851200,11751913320598527355,null,13,6,0
2087,701,5.009470,Normal,32.09,32.090000,-15.000000,-19.813000,3289963603883176649,null,13,6,0
2088,707,5.009640,Normal,32.09,32.090000,-15.000000,-19.813000,7373363467773893799,null,13,6,0
2089,712,5.009590,Normal,32.09,32.090000,-15.000000,-19.813000,8236273882650468267,null,13,6,0
2090,717,5.010750,Normal,32.09,32.090000,-15.000000,-19.813700,5342213642050012975,null,13,6,0
2091,722,5.009730,Normal,32.09,32.090000,-15.000000,-19.813000,17022061878923665465,null,13,6,0
2092,728,5.009190,Normal,32.09,32.090000,-15.000000,-19.813000,17841102471398444761,null,13,6,0
2093,733,5.012930,Normal,33.87,33.870000,-15.000000,-20.081200,14852288959056195185,null,13,6,0
2094,738,5.009640,Normal,32.09,32.090000,-15.000000,-19.813000,16593289758835770924,null,13,6,0
2095,743,5.009860,Normal,32.09,32.090000,-15.000000,-19.813000,1950560661515349613,null,13,6,0
2096,749,5.009800,Normal,32.09,32.090000,-15.000000,-19.813000,15709337126195750117,null,13,6,0
2097,754,5.009460,Normal,32.17,32.170000,-15.000000,-19.824800,17134961697597490992,null,13,6,0
2098,759,5.009780,Normal,32.09,32.090000,-15.000000,-19.813000,14776171442098198232,null,13,6,0
2099,764,5.009700,Normal,32.09,32.090000,-15.000000,-19.813000,3021259386251095873,null,13,6,0
2100,770,5.009550,Normal,32.09,32.090000,-15.000000,-19.813000,12400721802935441249,null,13,6,0
2101,775,5.009560,Normal,32.09,32.090000,-15.000000,-19.813000,8228666368403410143,null,13,6,0
2102,780,5.009690,Normal,32.09,32.090000,-15.000000,-19.813000,2102722136241689041,null,13,6,0
2103,785,5.009860,Normal,32.09,32.090000,-15.000000,-19.813000,5066057855856007262,null,13,6,0
2104,791,5.009820,Normal,32.09,32.090000,-15.000000,-19.813000,6945738223382881931,null,13,6,0
2105,654,5.010980,Normal,42.63,42.630000,-15.000000,-21.394400,7952949002934215335,null,14,6,0
2106,660,5.018240,Normal,42.92,42.920000,-15.000000,-21.438100,10557894680868191576,null,14,6,0
2107,665,5.010700,Normal,42.63,42.630000,-15.000000,-21.394400,10840800240252403663,null,14,6,0
2108,670,5.010020,Normal,42.57,42.570000,-15.000000,-21.385100,3216708461907071103,null,14,6,0
2109,675,5.013640,Normal,42.85,42.850000,-15.000000,-21.427700,13052834624564274790,null,14,6,0
2110,681,5.013760,Normal,1.79769e+308,,,-21.355300,1665118959285759432,null,14,6,0
2111,686,5.010880,Normal,42.57,42.570000,-15.000000,-21.385100,13984193898000562177,null,14,6,0
2112,691,5.010200,Normal,42.57,42.570000,-15.000000,-21.385100,5452234292611937413,null,14,6,0
2113,696,5.010050,Normal,42.57,42.570000,-15.000000,-21.385100,11328895883534425615,null,14,6,0
2114,702,5.010210,Normal,42.57,42.570000,-15.000000,-21.385100,196385957666338340,null,14,6,0
2115,707,5.020250,Normal,1.79769e+308,,,-21.438100,10405162732035951206,null,14,6,0
2116,712,5.013620,Normal,42.57,42.570000,-15.000000,-21.385100,3875360349654216121,null,14,6,0
2117,717,5.018850,Normal,1.79769e+308,,,-21.438100,6838543125988129091,null,14,6,0
2118,723,5.012330,Normal,1.79769e+308,,,-21.384400,16196666695396481304,null,14,6,0
2119,728,5.010280,Normal,42.57,42.570000,-15.000000,-21.385100,17320587265913956984,null,14,6,0
2120,733,5.010060,Normal,42.57,42.570000,-15.000000,-21.385100,16521546238466911279,null,14,6,0
2121,738,5.010450,Normal,42.57,42.570000,-15.000000,-21.385100,2065767207361519799,null,14,6,0
2122,744,5.011190,Normal,42.75,42.750000,-15.000000,-21.412000,18259124068274800819,null,14,6,0
2123,749,5.010250,Normal,42.57,42.570000,-15.000000,-21.385100,1479973475038599681,null,14,6,0
2124,754,5.024150,Normal,42.66,42.660000,-15.000000,-21.398300,2392639643896279971,null,14,6,0
2125,759,5.010340,Normal,42.57,42.570000,-15.000000,-21.385100,13940195192803049979,null,14,6,0
2126,764,5.010180,Normal,42.57,42.570000,-15.000000,-21.385100,17229811164007783993,null,14,6,0
2127,770,5.010220,Normal,42.57,42.570000,-15.000000,-21.385100,13940588034574377808,null,14,6,0
2128,775,5.010220,Normal,42.57,42.570000,-15.000000,-21.385100,3005972371534148811,null,14,6,0
2129,780,5.009990,Normal,42.57,42.570000,-15.000000,-21.385100,15973915880032194150,null,14,6,0
2130,785,5.009970,Normal,42.57,42.570000,-15.000000,-21.385100,10479072178416275221,null,14,6,0
2131,791,5.010100,Normal,42.57,42.570000,-15.000000,-21.385100,17780251749957441105,null,14,6,0
2132,654,5.009860,Normal,26.14,26.140000,-16.000000,-20.183100,4576569310271846007,null,15,6,0
2133,660,5.010570,Normal,26.14,26.140000,-16.000000,-20.183100,12053294346656425662,null,15,6,0
2134,665,5.010880,Normal,26.14,26.140000,-16.000000,-20.183100,15081560771865238297,null,15,6,0
2135,670,5.010370,Normal,26.14,26.140000,-16.000000,-20.183100,8531459421146757131,null,15,6,0
2136,675,5.010640,Normal,26.14,26.140000,-16.000000,-20.183100,4243721931421235306,null,15,6,0
2137,680,5.010740,Normal,26.14,26.140000,-16.000000,-20.183100,2374948582828069723,null,15,6,0
2138,686,5.008970,Normal,26.14,26.140000,-16.000000,-20.183100,7470628348302817981,null,15,6,0
2139,691,5.010590,Normal,26.14,26.140000,-16.000000,-20.183100,8598571329054308312,null,15,6,0
2140,696,5.009180,Normal,32.31,32.310000,-15.000000,-19.846700,12191565665501958773,null,15,6,0
2141,701,5.009190,Normal,26.14,26.140000,-16.000000,-20.181700,7829289843953366587,null,15,6,0
2142,707,5.010590,Normal,26.14,26.140000,-16.000000,-20.183100,16350526359925709063,null,15,6,0
2143,712,5.009550,Normal,26.36,26.360000,-16.000000,-20.217400,2824235887171455310,null,15,6,0
2144,717,5.009260,Normal,26.14,26.140000,-16.000000,-20.183100,3657151936444460350,null,15,6,0
2145,722,5.010690,Normal,26.14,26.140000,-16.000000,-20.183100,9742695579235343735,null,15,6,0
2146,728,5.010720,Normal,26.14,26.140000,-16.000000,-20.183100,4546809390591848344,null,15,6,0
2147,733,5.010720,Normal,26.14,26.140000,-16.000000,-20.183100,8962213316042460137,null,15,6,0
2148,738,5.010730,Normal,26.14,26.140000,-16.000000,-20.183100,2460813876840636022,null,15,6,0
2149,743,5.010640,Normal,26.14,26.140000,-16.000000,-20.183100,16809434539171743848,null,15,6,0
2150,749,5.010680,Normal,26.14,26.140000,-16.000000,-20.183100,18218586391534185674,null,15,6,0
2151,754,5.010670,Normal,26.14,26.140000,-16.000000,-20.183100,16945131137313610036,null,15,6,0
2152,759,5.010290,Normal,26.14,26.140000,-16.000000,-20.183100,15859016615998159532,null,15,6,0
2153,764,5.010470,Normal,26.14,26.140000,-16.000000,-20.183100,11187177661571386804,null,15,6,0
2154,770,5.010510,Normal,26.14,26.140000,-16.000000,-20.183100,12050068594417880138,null,15,6,0
2155,775,5.009830,Normal,26.14,26.140000,-16.000000,-20.183100,1776605815381934522,null,15,6,0
2156,780,5.011830,Normal,32.24,32.240000,-15.000000,-19.836500,5306998701210982823,null,15,6,0
2157,785,5.010360,Normal,26.14,26.140000,-16.000000,-20.183100,11562693729279522009,null,15,6,0
2158,791,5.010800,Normal,42.79,42.790000,-15.000000,-21.418900,7134958915205291264,null,15,6,0
2159,795,3.278466,Normal,1.79769e+308,,,-19.851153,6550516219246558775,null,0,6,1
2160,803,5.018066,Normal,24.04,24.040000,-16.000000,-19.845667,9704006227439439441,null,0,7,0
2161,808,5.024633,Normal,24.04,24.040000,-16.000000,-19.845667,4367901988460023014,null,0,7,0
2162,813,5.021136,Normal,24.04,24.040000,-16.000000,-19.845667,9828345878341363130,null,0,7,0
2163,819,5.009664,Normal,24.03,24.030000,-16.000000,-19.845523,3158293667935378123,null,0,7,0
2164,824,5.010228,Normal,24.03,24.030000,-16.000000,-19.845523,5411814530592093663,null,0,7,0
2165,803,5.010360,Normal,27.32,27.320000,-16.000000,-20.370800,17920812589836482021,null,1,7,0
2166,808,5.010290,Normal,27.32,27.320000,-16.000000,-20.370800,11735504555748954032,null,1,7,0
2167,813,5.010260,Normal,27.32,27.320000,-16.000000,-20.370800,1669257320432892070,null,1,7,0
2168,819,5.010320,Normal,27.32,27.320000,-16.000000,-20.370800,4558442295537878499,null,1,7,0
2169,824,5.009980,Normal,27.32,27.320000,-16.000000,-20.370800,16624459516917276361,null,1,7,0
2170,803,5.013500,Normal,42.92,42.920000,-15.000000,-21.438100,16153523925051469909,null,2,7,0
2171,808,5.014310,Normal,42.92,42.920000,-15.000000,-21.438100,6384257967834283909,null,2,7,0
2172,813,5.014220,Normal,42.92,42.920000,-15.000000,-21.438100,5151552158706948731,null,2,7,0
2173,819,5.014700,Normal,42.92,42.920000,-15.000000,-21.438100,1791422809523593645,null,2,7,0
2174,824,5.013530,Normal,42.92,42.920000,-15.000000,-21.438100,10393478765396844669,null,2,7,0
2175,803,5.012140,Normal,1.79769e+308,,,-20.219900,2954021141889294065,null,3,7,0
2176,808,5.011190,Normal,1.79769e+308,,,-20.219900,10316960348136337174,null,3,7,0
2177,813,5.008690,Normal,1.79769e+308,,,-20.219900,10568747698521492698,null,3,7,0
2178,819,5.012220,Normal,1.79769e+308,,,-20.219900,13941815074479780164,null,3,7,0
2179,824,5.012050,Normal,1.79769e+308,,,-20.219900,18014664827738406696,null,3,7,0
2180,803,5.010100,Normal,1.79769e+308,,,-20.698600,1584951109437009712,null,4,7,0
2181,808,5.008950,Normal,1.79769e+308,,,-20.698600,13484685437379108297,null,4,7,0
2182,813,5.008650,Normal,1.79769e+308,,,-20.698600,14754909278237843029,null,4,7,0
2183,819,5.008690,Normal,1.79769e+308,,,-20.698600,4617012502326878100,null,4,7,0
2184,824,5.008770,Normal,29.37,29.370000,-16.000000,-20.698600,13687493179528723773,null,4,7,0
2185,803,5.012790,Normal,1.79769e+308,,,-20.074300,15034739345675615610,null,5,7,0
2186,808,5.012860,Normal,1.79769e+308,,,-20.074300,11323189551213974603,null,5,7,0
2187,813,5.012930,Normal,1.79769e+308,,,-20.074300,3210447788937547057,null,5,7,0
2188,819,5.009080,Normal,1.79769e+308,,,-20.074300,10140358899070751648,null,5,7,0
2189,824,5.012610,Normal,1.79769e+308,,,-20.074300,11535402265204085804,null,5,7,0
2190,803,5.010640,Normal,35.77,35.770000,-15.000000,-20.364900,14169412277039589769,null,6,7,0
2191,808,5.034470,Normal,35.1,35.100000,-15.000000,-20.264700,6547816828643102063,null,6,7,0
2192,813,5.033100,Normal,35.1,35.100000,-15.000000,-20.264700,14560348635707126233,null,6,7,0
2193,819,5.030050,Normal,35.1,35.100000,-15.000000,-20.264700,2211829461330525944,null,6,7,0
2194,824,5.012430,Normal,35.1,35.100000,-15.000000,-20.264700,9415792618457605265,null,6,7,0
2195,803,5.011870,Normal,38.67,38.670000,-15.000000,-20.800600,16603908981681173714,null,7,7,0
2196,808,5.011250,Normal,38.67,38.670000,-15.000000,-20.800600,18079241554050987966,null,7,7,0
2197,813,5.011700,Normal,30,30.000000,-16.000000,-20.800600,11365855076199185056,null,7,7,0
2198,819,5.011490,Normal,30,30.000000,-16.000000,-20.800600,7532946760807163827,null,7,7,0
2199,824,5.011050,Normal,30,30.000000,-16.000000,-20.800600,9876630265167708679,null,7,7,0
2200,803,5.009660,Normal,29.12,29.120000,-16.000000,-20.659400,13745894517802635243,null,8,7,0
2201,808,5.015110,Normal,29.2,29.200000,-16.000000,-20.671800,5564405965100438434,null,8,7,0
2202,813,5.011170,Normal,29.12,29.120000,-16.000000,-20.659400,17897180092450683949,null,8,7,0
2203,818,5.009170,Normal,29.1,29.100000,-16.000000,-20.656400,7598376189665559175,null,8,7,0
2204,824,5.010240,Normal,29.1,29.100000,-16.000000,-20.656400,11689488725695878425,null,8,7,0
2205,803,5.015290,Normal,42.8,42.800000,-15.000000,-21.420600,2372702792379934713,null,9,7,0
2206,808,5.014730,Normal,42.8,42.800000,-15.000000,-21.420600,3978896799964302605,null,9,7,0
2207,813,5.015010,Normal,42.8,42.800000,-15.000000,-21.420600,9553275559457623118,null,9,7,0
2208,819,5.015190,Normal,42.8,42.800000,-15.000000,-21.420600,13782557132518760812,null,9,7,0
2209,824,5.015060,Normal,42.8,42.800000,-15.000000,-21.420600,9453410337592560450,null,9,7,0
2210,803,5.008890,Normal,1.79769e+308,,,-21.438100,2296359447530731559,null,10,7,0
2211,808,5.014470,Normal,1.79769e+308,,,-21.438100,13990933342876975454,null,10,7,0
2212,813,5.014290,Normal,1.79769e+308,,,-21.438100,15472498818778592644,null,10,7,0
2213,819,5.014300,Normal,1.79769e+308,,,-21.438100,8648276077626858435,null,10,7,0
2214,824,5.014300,Normal,1.79769e+308,,,-21.438100,16860045684223949930,null,10,7,0
2215,803,5.019190,Normal,34.28,34.280000,-15.000000,-20.142500,10377714819701741678,null,11,7,0
2216,808,5.020730,Normal,34.28,34.280000,-15.000000,-20.142500,1502727570830619384,null,11,7,0
2217,813,5.010980,Normal,42.86,42.860000,-15.000000,-21.429600,12190996111426837091,null,11,7,0
2218,819,5.012770,Normal,34.28,34.280000,-15.000000,-20.142500,1791330358840210545,null,11,7,0
2219,824,5.019710,Normal,34.28,34.280000,-15.000000,-20.142500,15259825657901044551,null,11,7,0
2220,803,5.010320,Normal,32.59,32.590000,-15.000000,-19.887800,15813258448415051409,null,12,7,0
2221,808,5.011470,Normal,32.59,32.590000,-15.000000,-19.887800,12220684201177882299,null,12,7,0
2222,813,5.011540,Normal,32.59,32.590000,-15.000000,-19.887800,16319152319523796186,null,12,7,0
2223,819,5.011630,Normal,32.59,32.590000,-15.000000,-19.887800,9073464653404189437,null,12,7,0
2224,824,5.011200,Normal,32.59,32.590000,-15.000000,-19.887800,5104154181076868938,null,12,7,0
2225,803,5.010100,Normal,30.05,30.050000,-16.000000,-20.808600,9587701944820452197,null,13,7,0
2226,808,5.010610,Normal,38.5,38.500000,-15.000000,-20.774900,16831566823939809247,null,13,7,0
2227,813,5.012660,Normal,30.05,30.050000,-16.000000,-20.808600,7762044598720527285,null,13,7,0
2228,819,5.009970,Normal,30.05,30.050000,-16.000000,-20.808600,3617656552018456366,null,13,7,0
2229,824,5.010030,Normal,30.05,30.050000,-16.000000,-20.808600,10107508635657371619,null,13,7,0
2230,803,5.013560,Normal,33.3,33.300000,-15.000000,-19.994400,14668358568577720742,null,14,7,0
2231,808,5.013680,Normal,33.3,33.300000,-15.000000,-19.994400,8032480930280457510,null,14,7,0
2232,813,5.011160,Normal,33.3,33.300000,-15.000000,-19.994400,6758718222709873656,null,14,7,0
2233,819,5.015520,Normal,38.67,38.670000,-15.000000,-20.800600,6745649271165004300,null,14,7,0
2234,824,5.011490,Normal,33.3,33.300000,-15.000000,-19.994400,17468633448017608290,null,14,7,0
2235,803,5.009440,Normal,26.36,26.360000,-16.000000,-20.217400,14393106725993738197,null,15,7,0
2236,808,5.009330,Normal,26.36,26.360000,-16.000000,-20.217400,5912956819398615721,null,15,7,0
2237,813,5.009330,Normal,26.36,26.360000,-16.000000,-20.217400,13501026960221695444,null,15,7,0
2238,819,5.008950,Normal,26.36,26.360000,-16.000000,-20.217400,8661311945220296776,null,15,7,0
2239,824,5.009270,Normal,26.36,26.360000,-16.000000,-20.217400,14830591337682835044,null,15,7,0
