EvalID,TimeEvaluated,ObjectiveValue,Gap,UpperBound,LowerBound,ConfigID,MipStartID,WorkerID,Iteration,Phase
1,5,1.71,1.710000,175.000000,172.000000,14921508010286178949,null,0,1,0
2,11,2.84,2.840000,176.000000,171.000000,18073175359058532266,null,0,1,0
3,17,1.15,1.150000,174.000000,172.000000,1894762743428622621,null,0,1,0
4,23,1.71,1.710000,175.000000,172.000000,17254147022443499681,null,0,1,0
5,29,5,5.000000,180.000000,171.000000,11159700437963071189,null,0,1,0
6,35,3.36,3.360000,177.000000,171.048950,6355832886424843503,null,0,1,0
7,42,2.27,2.270000,176.000000,172.000000,7961787602010660163,null,0,1,0
8,48,1.15,1.150000,174.000000,172.000000,15280701603959127455,null,0,1,0
9,53,2.26,2.260000,175.000000,171.038041,1869696623545437238,null,0,1,0
10,60,1.15,1.150000,174.000000,172.000000,13609831341359512780,null,0,1,0
11,66,4.74,4.740000,180.000000,171.466179,10905844833752053842,null,0,1,0
12,72,1.15,1.150000,174.000000,172.000000,9257930031621114898,null,0,1,0
13,78,1.15,1.150000,174.000000,172.000000,18126253492529541060,null,0,1,0
14,84,1.15,1.150000,174.000000,172.000000,3708434770347669450,null,0,1,0
15,90,4.47,4.470000,179.000000,171.000000,2688158774640925815,null,0,1,0
16,96,2.21,2.210000,175.000000,171.132231,7099854882722387741,null,0,1,0
17,102,1.15,1.150000,174.000000,172.000000,11942062171574670417,null,0,1,0
18,108,2.27,2.270000,176.000000,172.000000,7659158754409217640,null,0,1,0
19,113,5,5.000000,180.000000,171.000000,494613627486338624,null,0,1,0
20,120,1.15,1.150000,174.000000,172.000000,16052615890243706543,null,0,1,0
21,6,1.72,1.720000,174.000000,171.000000,10181412967155842157,null,1,1,0
22,12,1.72,1.720000,174.000000,171.000000,15701238402689927417,null,1,1,0
23,18,2.29,2.290000,175.000000,171.000000,14379120582521013325,null,1,1,0
24,24,2.84,2.840000,176.000000,171.000000,15400170541153074414,null,1,1,0
25,30,2.84,2.840000,176.000000,171.000000,4232096971402212362,null,1,1,0
26,36,1.72,1.720000,174.000000,171.000000,2677534278454535587,null,1,1,0
27,42,1.72,1.720000,174.000000,171.000000,8820102831170944809,null,1,1,0
28,48,4.47,4.470000,179.000000,171.000000,5265240476782693937,null,1,1,0
29,54,1.72,1.720000,174.000000,171.000000,14435325477713141614,null,1,1,0
30,60,2.84,2.840000,176.000000,171.000000,15539320646532976209,null,1,1,0
31,67,2.84,2.840000,176.000000,171.000000,8716966473693710162,null,1,1,0
32,73,2.84,2.840000,176.000000,171.000000,418392673060206212,null,1,1,0
33,80,3.93,3.930000,178.000000,171.000000,14713987817582149906,null,1,1,0
34,86,1.72,1.720000,174.000000,171.000000,12260447635528461769,null,1,1,0
35,92,1.72,1.720000,174.000000,171.000000,9615688053954716021,null,1,1,0
36,98,1.72,1.720000,174.000000,171.000000,15686009738619410456,null,1,1,0
37,104,1.72,1.720000,174.000000,171.000000,12251931831894766388,null,1,1,0
38,110,2.29,2.290000,175.000000,171.000000,9728760071446025869,null,1,1,0
39,117,3.93,3.930000,178.000000,171.000000,5542041390982750028,null,1,1,0
40,122,2.84,2.840000,176.000000,171.000000,9802768215830448595,null,1,1,0
41,128,2.84,2.840000,176.000000,171.000000,4302140054473792026,null,0,1,1
42,134,2.84,2.840000,176.000000,171.000000,10021232052670618938,null,0,1,1
43,140,5.49,5.490000,182.000000,172.000000,3829748969189521883,null,0,1,1
44,146,5.49,5.490000,182.000000,172.000000,1437860981033801696,null,0,1,1
45,152,5,5.000000,180.000000,171.000000,6141605634985796888,null,0,1,1
46,157,5,5.000000,180.000000,171.000000,9843791575087958379,null,0,1,1
47,163,1.71,1.710000,175.000000,172.000000,5214492596991318523,null,0,1,1
48,169,1.71,1.710000,175.000000,172.000000,13538804502624490937,null,0,1,1
49,175,3.39,3.390000,177.000000,171.000000,2492298298119041047,null,0,1,1
50,181,8.06,8.060000,186.000000,171.000000,9631627541397507680,null,0,1,1
51,187,2.94,2.940000,177.000000,171.800000,5619626607275927243,null,0,1,1
52,193,5.52,5.520000,181.000000,171.000000,11676269676226826006,null,0,1,1
53,199,1.68,1.680000,174.000000,171.075758,9619929485148178387,null,0,1,1
54,205,2.29,2.290000,175.000000,171.000000,6234083393562601216,null,0,1,1
55,211,2.84,2.840000,176.000000,171.000000,2523735256884256307,null,0,1,1
56,218,3.39,3.390000,177.000000,171.000000,15178170861272968700,null,0,1,1
57,224,5,5.000000,180.000000,171.000000,3987962385050564235,null,0,1,1
58,230,3.92,3.920000,178.000000,171.019713,7150045644417521545,null,0,1,1
59,236,2.29,2.290000,175.000000,171.000000,12255846432912470412,null,0,1,1
60,242,3.92,3.920000,178.000000,171.030080,1172938960716639312,null,0,1,1
61,248,4.37,4.370000,179.000000,171.181818,6249154442863011092,null,0,1,1
62,254,4.37,4.370000,179.000000,171.181818,3706585010107355532,null,0,1,1
63,260,4.37,4.370000,179.000000,171.181818,9564397193854150002,null,0,1,1
64,267,4.37,4.370000,179.000000,171.181818,7277993601810272542,null,0,1,1
65,273,4.37,4.370000,179.000000,171.181818,7345024637424548456,null,0,1,1
66,279,4.37,4.370000,179.000000,171.181818,5886052110097673315,null,0,1,1
67,285,4.37,4.370000,179.000000,171.181818,5950582785689657096,null,0,1,1
68,128,4.37,4.370000,179.000000,171.181818,4000667001966896524,null,1,1,1
69,134,4.37,4.370000,179.000000,171.181818,12232564038304738603,null,1,1,1
70,140,4.37,4.370000,179.000000,171.181818,18296451773658700297,null,1,1,1
71,146,4.37,4.370000,179.000000,171.181818,39096526419322775,null,1,1,1
72,152,4.44,4.440000,180.000000,172.000000,1826278839673175749,null,1,1,1
73,157,3.91,3.910000,179.000000,172.000000,11794382723626527403,null,1,1,1
74,163,3.89,3.890000,178.000000,171.076661,15992183821199516122,null,1,1,1
75,169,2.84,2.840000,176.000000,171.000000,8854971504898330116,null,1,1,1
76,175,3.93,3.930000,178.000000,171.000000,15687181730510493713,null,1,1,1
77,181,3.93,3.930000,178.000000,171.000000,11044362094673419911,null,1,1,1
78,187,3.93,3.930000,178.000000,171.000000,631185552550738900,null,1,1,1
79,193,3.93,3.930000,178.000000,171.000000,6567990542014515407,null,1,1,1
80,199,1.15,1.150000,174.000000,172.000000,3198456383106199946,null,1,1,1
81,205,1.15,1.150000,174.000000,172.000000,5209751177933693670,null,1,1,1
82,212,1.15,1.150000,174.000000,172.000000,11557652172953406548,null,1,1,1
83,218,1.15,1.150000,174.000000,172.000000,11393984075701221982,null,1,1,1
84,224,1.15,1.150000,174.000000,172.000000,14623093907324534915,null,1,1,1
85,230,1.15,1.150000,174.000000,172.000000,13645461640613930965,null,1,1,1
86,236,1.15,1.150000,174.000000,172.000000,14707684904981099115,null,1,1,1
87,243,1.15,1.150000,174.000000,172.000000,8296800411960362637,null,1,1,1
88,249,5,5.000000,180.000000,171.000000,17150204567621323787,null,1,1,1
89,255,1.15,1.150000,174.000000,172.000000,6415129943425611650,null,1,1,1
90,261,3.09,3.090000,177.000000,171.526316,227038302564750488,null,1,1,1
91,267,4.89,4.890000,180.000000,171.202832,12411481577390917521,null,1,1,1
92,273,1.15,1.150000,174.000000,172.000000,17725591374616783510,null,1,1,1
93,279,1.15,1.150000,174.000000,172.000000,9383138825646689264,null,1,1,1
94,285,1.15,1.150000,174.000000,172.000000,5205821701568448772,null,1,1,1
95,292,1.15,1.150000,174.000000,172.000000,3708434770347669450,null,0,2,0
96,297,2.26,2.260000,175.000000,171.038041,1869696623545437238,null,0,2,0
97,303,4.99,4.990000,180.000000,171.010565,14512341152078143690,null,0,2,0
98,309,1.15,1.150000,174.000000,172.000000,13609831341359512780,null,0,2,0
99,315,3.93,3.930000,178.000000,171.000000,17525911136846905066,null,0,2,0
100,322,2.27,2.270000,176.000000,172.000000,7961787602010660163,null,0,2,0
101,291,1.15,1.150000,174.000000,172.000000,1894762743428622622,2,1,2,0
102,297,1.15,1.150000,174.000000,172.000000,3393904700578472689,2,1,2,0
103,303,1.15,1.150000,174.000000,172.000000,6355832886424843488,2,1,2,0
104,309,1.72,1.720000,174.000000,171.000000,2492298298119041046,2,1,2,0
105,315,1.53,1.530000,174.000000,171.333000,10720551952588781793,2,1,2,0
106,321,1.15,1.150000,174.000000,172.000000,7760402823898873047,2,1,2,0
107,327,4.47,4.470000,179.000000,171.000000,8602766515366881887,null,0,2,1
108,334,4.44,4.440000,180.000000,172.000000,4293418702447780346,null,0,2,1
109,340,4.47,4.470000,179.000000,171.000000,10132932551704441327,null,0,2,1
110,346,4.47,4.470000,179.000000,171.000000,18120508756004650670,null,0,2,1
111,353,1.15,1.150000,174.000000,172.000000,10327322098243715847,null,0,2,1
112,358,2.29,2.290000,175.000000,171.000000,2025320006663540130,null,0,2,1
113,365,1.15,1.150000,174.000000,172.000000,7868017333148641251,null,0,2,1
114,371,1.15,1.150000,174.000000,172.000000,9194092234972041215,null,0,2,1
115,377,1.15,1.150000,174.000000,172.000000,629779362319402448,null,0,2,1
116,384,1.15,1.150000,174.000000,172.000000,98404174299731209,null,0,2,1
117,390,1.15,1.150000,174.000000,172.000000,11722098232294723517,null,0,2,1
118,397,1.15,1.150000,174.000000,172.000000,8808683853272485402,null,0,2,1
119,403,1.15,1.150000,174.000000,172.000000,10392583226996961224,null,0,2,1
120,409,5,5.000000,180.000000,171.000000,4802217599011700916,null,0,2,1
121,415,2.84,2.840000,176.000000,171.000000,13095583179023800356,null,0,2,1
122,420,4.46,4.460000,179.000000,171.018036,14438261921151537049,null,0,2,1
123,426,5.52,5.520000,181.000000,171.000000,3304336843135295723,null,0,2,1
124,432,1.61,1.610000,174.000000,171.191667,15889928815718954101,null,0,2,1
125,438,4.47,4.470000,179.000000,171.000000,9735801901267895423,null,0,2,1
126,328,5,5.000000,180.000000,171.000000,13188463333908858496,null,1,2,1
127,334,5,5.000000,180.000000,171.000000,13746974223316082708,null,1,2,1
128,340,5,5.000000,180.000000,171.000000,2639906664604205333,null,1,2,1
129,346,1.15,1.150000,174.000000,172.000000,6492247743866557950,null,1,2,1
130,352,2.2,2.200000,175.000000,171.150000,2606698814199703328,null,1,2,1
131,359,2.82,2.820000,177.000000,172.000000,2248487138931001138,null,1,2,1
132,365,2.18,2.180000,175.000000,171.179439,326841458223660762,null,1,2,1
133,371,1.15,1.150000,174.000000,172.000000,13684946370693069948,null,1,2,1
134,378,6.04,6.040000,182.000000,171.000000,1085268903349189169,null,1,2,1
135,384,2.18,2.180000,175.000000,171.187051,18134666589022037496,null,1,2,1
136,391,7.57,7.570000,185.000000,171.000000,14419947164304179586,null,1,2,1
137,396,8.56,8.560000,187.000000,171.000000,17733214833445001486,null,1,2,1
138,402,1.79769e+308,,,171.000000,4124547283841069768,null,1,2,1
139,409,1.15,1.150000,174.000000,172.000000,18290094239123266836,null,1,2,1
140,415,4.47,4.470000,179.000000,171.000000,2540354883911835054,null,1,2,1
141,420,2.29,2.290000,175.000000,171.000000,16025458154430750125,null,1,2,1
142,426,5,5.000000,180.000000,171.000000,1545499305107738589,null,1,2,1
143,432,5,5.000000,180.000000,171.000000,15668872296350666572,null,1,2,1
144,444,2.82,2.820000,177.000000,172.000000,3393904700578472690,null,0,3,0
145,450,5,5.000000,180.000000,171.000000,4802217599011700916,null,0,3,0
146,456,1.15,1.150000,174.000000,172.000000,3926635478656874055,null,0,3,0
147,462,5,5.000000,180.000000,171.000000,494613627486338624,null,0,3,0
148,468,3.36,3.360000,177.000000,171.048950,6355832886424843503,null,0,3,0
149,473,8.56,8.560000,187.000000,171.000593,3681709543311468520,null,0,3,0
150,479,5,5.000000,180.000000,171.000000,11159700437963071189,null,0,3,0
151,485,1.15,1.150000,174.000000,172.000000,18126253492529541060,null,0,3,0
152,491,2.82,2.820000,177.000000,172.000000,11559130241872622515,null,0,3,0
153,497,1.15,1.150000,174.000000,172.000000,11942062171574670417,null,0,3,0
154,444,1.15,1.150000,174.000000,172.000000,1894762743428622622,2,1,3,0
155,450,1.7,1.700000,174.000000,171.047000,494613627486338631,2,1,3,0
156,455,1.15,1.150000,174.000000,172.000000,15280701603959127454,2,1,3,0
157,461,1.15,1.150000,174.000000,172.000000,3926635478656874054,2,1,3,0
158,468,1.72,1.720000,174.000000,171.000000,4035910778140628705,2,1,3,0
159,474,1.15,1.150000,174.000000,172.000000,7659158754409217641,2,1,3,0
160,480,1.15,1.150000,174.000000,172.000000,16018794198306668992,2,1,3,0
161,485,1.15,1.150000,174.000000,172.000000,9257930031621114901,2,1,3,0
162,491,1.15,1.150000,174.000000,172.000000,13534594653938646329,2,1,3,0
163,497,1.72,1.720000,174.000000,171.000000,2492298298119041046,2,1,3,0
164,503,4.44,4.440000,180.000000,172.000000,10995650723891557434,null,0,3,1
165,509,4.99,4.990000,180.000000,171.015922,9210256802469854740,null,0,3,1
166,515,1.49,1.490000,174.000000,171.400000,5251927064171271149,null,0,3,1
167,522,1.15,1.150000,174.000000,172.000000,12023188029410329202,null,0,3,1
168,528,4.47,4.470000,179.000000,171.000000,17358774355545306818,null,0,3,1
169,534,1.15,1.150000,174.000000,172.000000,3433907212555783330,null,0,3,1
170,540,1.15,1.150000,174.000000,172.000000,14019860908804266810,null,0,3,1
171,546,1.15,1.150000,174.000000,172.000000,7449433955547707770,null,0,3,1
172,553,1.15,1.150000,174.000000,172.000000,15357952626138495148,null,0,3,1
173,559,1.15,1.150000,174.000000,172.000000,9344225268860967985,null,0,3,1
174,565,1.15,1.150000,174.000000,172.000000,12809061809690153170,null,0,3,1
175,571,1.15,1.150000,174.000000,172.000000,13071467152274893279,null,0,3,1
176,577,1.15,1.150000,174.000000,172.000000,7892517620694454362,null,0,3,1
177,584,1.15,1.150000,174.000000,172.000000,13920086229672997182,null,0,3,1
178,590,1.15,1.150000,174.000000,172.000000,8503199386130113446,null,0,3,1
179,596,1.15,1.150000,174.000000,172.000000,9975437264779539728,null,0,3,1
180,503,1.15,1.150000,174.000000,172.000000,11555196496751969639,null,1,3,1
181,510,1.15,1.150000,174.000000,172.000000,13098607584624492929,null,1,3,1
182,516,1.15,1.150000,174.000000,172.000000,10027345364474170946,null,1,3,1
183,522,1.15,1.150000,174.000000,172.000000,156083140006755423,null,1,3,1
184,528,1.15,1.150000,174.000000,172.000000,10527491232215868672,null,1,3,1
185,534,1.15,1.150000,174.000000,172.000000,6169585262208298616,null,1,3,1
186,540,1.15,1.150000,174.000000,172.000000,7012339002475839040,null,1,3,1
187,546,1.15,1.150000,174.000000,172.000000,17889659687888884238,null,1,3,1
188,552,2.84,2.840000,176.000000,171.000000,10027012108440155970,null,1,3,1
189,559,1.15,1.150000,174.000000,172.000000,1478989314697600323,null,1,3,1
190,565,1.15,1.150000,174.000000,172.000000,8749808884670389382,null,1,3,1
191,571,1.15,1.150000,174.000000,172.000000,13293138693545182721,null,1,3,1
192,577,1.15,1.150000,174.000000,172.000000,9002340932668538352,null,1,3,1
193,584,1.15,1.150000,174.000000,172.000000,3971794846709916188,null,1,3,1
194,590,1.15,1.150000,174.000000,172.000000,11184375202443926366,null,1,3,1
195,596,1.15,1.150000,174.000000,172.000000,4926734048755265428,null,1,3,1
196,602,1.15,1.150000,174.000000,172.000000,6415129943425611650,null,0,4,0
197,609,6.04,6.040000,182.000000,171.000000,1085268903349189169,null,0,4,0
198,615,1.15,1.150000,174.000000,172.000000,11942062171574670417,null,0,4,0
199,621,2.21,2.210000,175.000000,171.132231,7099854882722387741,null,0,4,0
200,627,1.15,1.150000,174.000000,172.000000,9257930031621114898,null,0,4,0
201,633,2.27,2.270000,176.000000,172.000000,7961787602010660163,null,0,4,0
202,639,2.84,2.840000,176.000000,171.000000,16995950043446168429,null,0,4,0
203,602,1.15,1.150000,174.000000,172.000000,1894762743428622622,2,1,4,0
204,607,1.15,1.150000,174.000000,172.000000,10905844833752053843,2,1,4,0
205,613,1.15,1.150000,174.000000,172.000000,3926635478656874054,2,1,4,0
206,619,1.15,1.150000,174.000000,172.000000,7099854882722387742,2,1,4,0
207,625,1.15,1.150000,174.000000,172.000000,9210256802469854741,2,1,4,0
208,631,1.15,1.150000,174.000000,172.000000,4802217599011700917,2,1,4,0
209,637,1.15,1.150000,174.000000,172.000000,7344507197150140945,2,1,4,0
210,645,1.15,1.150000,174.000000,172.000000,14557683732024334818,null,0,4,1
211,651,3.81,3.810000,178.000000,171.221277,11503578457058127846,null,0,4,1
212,657,3.39,3.390000,177.000000,171.000000,13558210347616540511,null,0,4,1
213,663,3.39,3.390000,177.000000,171.000000,11608253526748885780,null,0,4,1
214,670,1.15,1.150000,174.000000,172.000000,18077173812437537735,null,0,4,1
215,676,1.15,1.150000,174.000000,172.000000,2050518123771204367,null,0,4,1
216,682,1.15,1.150000,174.000000,172.000000,3338337191846393434,null,0,4,1
217,688,1.15,1.150000,174.000000,172.000000,14906890670389455322,null,0,4,1
218,694,1.15,1.150000,174.000000,172.000000,3990429256921148131,null,0,4,1
219,700,6.56,6.560000,183.000000,171.000000,3480830031138988852,null,0,4,1
220,706,2.72,2.720000,176.000000,171.214807,13466264004613542586,null,0,4,1
221,711,2.72,2.720000,176.000000,171.214807,3840515683355013525,null,0,4,1
222,718,2.72,2.720000,176.000000,171.214807,17819678609793060944,null,0,4,1
223,724,1.15,1.150000,174.000000,172.000000,7743821219181468875,null,0,4,1
224,645,1.15,1.150000,174.000000,172.000000,5684960671973730234,null,1,4,1
225,651,1.15,1.150000,174.000000,172.000000,7171613853202501488,null,1,4,1
226,657,1.15,1.150000,174.000000,172.000000,10562924259241210169,null,1,4,1
227,664,1.15,1.150000,174.000000,172.000000,14735797212880615812,null,1,4,1
228,670,1.15,1.150000,174.000000,172.000000,15632774088081900504,null,1,4,1
229,676,1.15,1.150000,174.000000,172.000000,16330897062763466165,null,1,4,1
230,682,1.15,1.150000,174.000000,172.000000,10355315254537885235,null,1,4,1
231,688,10,10.000000,190.000000,171.000000,5042563943334576534,null,1,4,1
232,694,7.03,7.030000,185.000000,172.000000,12327919598799772777,null,1,4,1
233,700,3.28,3.280000,177.000000,171.186499,12968205583952793694,null,1,4,1
234,706,6.56,6.560000,183.000000,171.000000,3776648648141627683,null,1,4,1
235,712,1.15,1.150000,174.000000,172.000000,2790379589062258956,null,1,4,1
236,718,1.15,1.150000,174.000000,172.000000,4137097802214845549,null,1,4,1
237,730,1.71,1.710000,175.000000,172.000000,17254147022443499681,null,0,5,0
238,736,3.39,3.390000,177.000000,171.000000,11608253526748885780,null,0,5,0
239,742,1.49,1.490000,174.000000,171.400000,5251927064171271149,null,0,5,0
240,748,2.26,2.260000,175.000000,171.038041,1869696623545437238,null,0,5,0
241,754,2.82,2.820000,177.000000,172.000000,3393904700578472690,null,0,5,0
242,759,2.21,2.210000,175.000000,171.132231,7099854882722387741,null,0,5,0
243,766,2.27,2.270000,176.000000,172.000000,7961787602010660163,null,0,5,0
244,771,8.56,8.560000,187.000000,171.000593,3681709543311468520,null,0,5,0
245,777,2.82,2.820000,177.000000,172.000000,11559130241872622515,null,0,5,0
246,783,1.15,1.150000,174.000000,172.000000,17739108849917441406,null,0,5,0
247,789,3.39,3.390000,177.000000,171.000000,13558210347616540511,null,0,5,0
248,795,1.15,1.150000,174.000000,172.000000,13609831341359512780,null,0,5,0
249,801,1.15,1.150000,174.000000,172.000000,3926635478656874055,null,0,5,0
250,807,3.39,3.390000,177.000000,171.000000,2492298298119041047,null,0,5,0
251,813,1.15,1.150000,174.000000,172.000000,11942062171574670417,null,0,5,0
252,819,3.37,3.370000,178.000000,172.000000,15973329010938661139,null,0,5,0
253,825,1.15,1.150000,174.000000,172.000000,7344507197150140944,null,0,5,0
254,831,3.93,3.930000,178.000000,171.000000,17525911136846905066,null,0,5,0
255,730,1.15,1.150000,174.000000,172.000000,1894762743428622622,2,1,5,0
256,736,1.15,1.150000,174.000000,172.000000,16018794198306668992,2,1,5,0
257,741,1.15,1.150000,174.000000,172.000000,12968205583952793693,2,1,5,0
258,747,1.15,1.150000,174.000000,172.000000,17150204567621323786,2,1,5,0
259,753,1.15,1.150000,174.000000,172.000000,11159700437963071190,2,1,5,0
260,759,1.15,1.150000,174.000000,172.000000,7659158754409217641,2,1,5,0
261,764,1.72,1.720000,174.000000,171.000000,3681709543311468523,2,1,5,0
262,769,1.72,1.720000,174.000000,171.000000,3776648648141627682,2,1,5,0
263,775,1.15,1.150000,174.000000,172.000000,7099854882722387742,2,1,5,0
264,781,1.15,1.150000,174.000000,172.000000,14512341152078143693,2,1,5,0
265,787,1.15,1.150000,174.000000,172.000000,9257930031621114901,2,1,5,0
266,792,1.15,1.150000,174.000000,172.000000,9210256802469854741,2,1,5,0
267,798,1.58,1.580000,174.000000,171.247000,7961787602010660162,2,1,5,0
268,804,1.15,1.150000,174.000000,172.000000,10905844833752053843,2,1,5,0
269,810,1.15,1.150000,174.000000,172.000000,14921508010286178948,2,1,5,0
270,816,1.15,1.150000,174.000000,172.000000,10995650723891557435,2,1,5,0
271,821,1.15,1.150000,174.000000,172.000000,7760402823898873047,2,1,5,0
272,827,1.15,1.150000,174.000000,172.000000,11942062171574670416,2,1,5,0
273,837,2.29,2.290000,175.000000,171.000000,2311758997066811318,null,0,5,1
274,843,2.5,2.500000,176.000000,171.600000,6234239715401822538,null,0,5,1
275,850,2.29,2.290000,175.000000,171.000000,5687756067022903378,null,0,5,1
276,856,2.27,2.270000,176.000000,172.000000,14061276986322515485,null,0,5,1
277,862,1.15,1.150000,174.000000,172.000000,7371466740459622023,null,0,5,1
278,868,1.15,1.150000,174.000000,172.000000,6223431822778831001,null,0,5,1
279,874,1.15,1.150000,174.000000,172.000000,10173110112452326090,null,0,5,1
280,880,1.15,1.150000,174.000000,172.000000,13821280022002156459,null,0,5,1
281,886,1.15,1.150000,174.000000,172.000000,15986410520672922869,null,0,5,1
282,893,1.15,1.150000,174.000000,172.000000,2793131582066043495,null,0,5,1
283,898,3.39,3.390000,177.000000,171.000000,16193778787883228727,null,0,5,1
284,904,2.27,2.270000,176.000000,172.000000,16158422914446145558,null,0,5,1
285,911,1.15,1.150000,174.000000,172.000000,2646779252913254722,null,0,5,1
286,917,1.15,1.150000,174.000000,172.000000,4787462078636590002,null,0,5,1
287,923,1.15,1.150000,174.000000,172.000000,12861422683933032417,null,0,5,1
288,837,1.15,1.150000,174.000000,172.000000,3753600348370747950,null,1,5,1
289,844,1.15,1.150000,174.000000,172.000000,10200900055850688877,null,1,5,1
290,850,1.15,1.150000,174.000000,172.000000,8601550037310856458,null,1,5,1
291,856,1.15,1.150000,174.000000,172.000000,1014027997736322575,null,1,5,1
292,862,1.15,1.150000,174.000000,172.000000,17530043850712818138,null,1,5,1
293,868,1.15,1.150000,174.000000,172.000000,11298321196696711222,null,1,5,1
294,874,1.15,1.150000,174.000000,172.000000,6136102581928811802,null,1,5,1
295,880,1.15,1.150000,174.000000,172.000000,16858211857352298918,null,1,5,1
296,886,1.15,1.150000,174.000000,172.000000,15647620151956588747,null,1,5,1
297,893,1.15,1.150000,174.000000,172.000000,9464978224383520516,null,1,5,1
298,899,1.15,1.150000,174.000000,172.000000,17066952419885726612,null,1,5,1
299,905,1.15,1.150000,174.000000,172.000000,1547273514262963188,null,1,5,1
300,911,1.15,1.150000,174.000000,172.000000,5744689668659222924,null,1,5,1
301,917,1.15,1.150000,174.000000,172.000000,12591749000399880670,null,1,5,1
302,917,6.04,6.040000,182.000000,171.000000,10468660203519763257,null,1,5,1
303,929,2.82,2.820000,177.000000,172.000000,11559130241872622515,null,0,6,0
304,935,5,5.000000,180.000000,171.000000,494613627486338624,null,0,6,0
305,941,3.39,3.390000,177.000000,171.000000,13558210347616540511,null,0,6,0
306,947,3.37,3.370000,178.000000,172.000000,15973329010938661139,null,0,6,0
307,953,2.27,2.270000,176.000000,172.000000,7961787602010660163,null,0,6,0
308,959,1.15,1.150000,174.000000,172.000000,9257930031621114898,null,0,6,0
309,965,1.15,1.150000,174.000000,172.000000,10200900055850688877,null,0,6,0
310,971,3.91,3.910000,179.000000,172.000000,13534594653938646328,null,0,6,0
311,977,1.15,1.150000,174.000000,172.000000,10392583226996961224,null,0,6,0
312,984,1.15,1.150000,174.000000,172.000000,4787462078636590002,null,0,6,0
313,989,1.71,1.710000,175.000000,172.000000,14921508010286178949,null,0,6,0
314,996,1.15,1.150000,174.000000,172.000000,14875116447604754667,null,0,6,0
315,1001,7.03,7.030000,185.000000,172.000000,12327919598799772777,null,0,6,0
316,1007,1.15,1.150000,174.000000,172.000000,15647620151956588747,null,0,6,0
317,1013,4.99,4.990000,180.000000,171.010565,14512341152078143690,null,0,6,0
318,1019,1.15,1.150000,174.000000,172.000000,13821280022002156459,null,0,6,0
319,1025,1.15,1.150000,174.000000,172.000000,3708434770347669450,null,0,6,0
320,1031,1.71,1.710000,175.000000,172.000000,17254147022443499681,null,0,6,0
321,1037,1.15,1.150000,174.000000,172.000000,16858211857352298918,null,0,6,0
322,1043,3.39,3.390000,177.000000,171.000000,2492298298119041047,null,0,6,0
323,1049,1.15,1.150000,174.000000,172.000000,7344507197150140944,null,0,6,0
324,1055,3.28,3.280000,177.000000,171.186499,12968205583952793694,null,0,6,0
325,1061,4.44,4.440000,180.000000,172.000000,10995650723891557434,null,0,6,0
326,1067,5,5.000000,180.000000,171.000000,17150204567621323787,null,0,6,0
327,1073,1.15,1.150000,174.000000,172.000000,11298321196696711222,null,0,6,0
328,1079,1.15,1.150000,174.000000,172.000000,12023188029410329202,null,0,6,0
329,1085,1.15,1.150000,174.000000,172.000000,14557683732024334818,null,0,6,0
330,1091,1.15,1.150000,174.000000,172.000000,10173110112452326090,null,0,6,0
331,1098,1.15,1.150000,174.000000,172.000000,6136102581928811802,null,0,6,0
332,1103,3.39,3.390000,177.000000,171.000000,16193778787883228727,null,0,6,0
333,929,1.15,1.150000,174.000000,172.000000,1894762743428622622,2,1,6,0
334,935,1.15,1.150000,174.000000,172.000000,3753600348370747937,2,1,6,0
335,941,1.15,1.150000,174.000000,172.000000,11559130241872622516,2,1,6,0
336,947,1.15,1.150000,174.000000,172.000000,2793131582066043494,2,1,6,0
337,952,1.15,1.150000,174.000000,172.000000,12968205583952793693,2,1,6,0
338,958,1.58,1.580000,174.000000,171.247000,7961787602010660162,2,1,6,0
339,964,1.15,1.150000,174.000000,172.000000,3926635478656874054,2,1,6,0
340,970,1.15,1.150000,174.000000,172.000000,10200900055850688876,2,1,6,0
341,976,1.15,1.150000,174.000000,172.000000,4787462078636590005,2,1,6,0
342,981,1.15,1.150000,174.000000,172.000000,17956490771213986837,2,1,6,0
343,987,1.7,1.700000,174.000000,171.034000,3708434770347669453,2,1,6,0
344,993,1.15,1.150000,174.000000,172.000000,10173110112452326089,2,1,6,0
345,999,1.15,1.150000,174.000000,172.000000,10392583226996961227,2,1,6,0
346,1005,1.15,1.150000,174.000000,172.000000,7344507197150140945,2,1,6,0
347,1011,1.15,1.150000,174.000000,172.000000,14762342677063844872,2,1,6,0
348,1016,1.15,1.150000,174.000000,172.000000,16193778787883228726,2,1,6,0
349,1022,1.72,1.720000,174.000000,171.000000,5251927064171271150,2,1,6,0
350,1028,1.68,1.680000,174.000000,171.078000,14875116447604754664,2,1,6,0
351,1033,1.15,1.150000,174.000000,172.000000,6136102581928811801,2,1,6,0
352,1039,1.15,1.150000,174.000000,172.000000,13821280022002156456,2,1,6,0
353,1045,1.72,1.720000,174.000000,171.000000,3681709543311468523,2,1,6,0
354,1050,1.15,1.150000,174.000000,172.000000,16018794198306668992,2,1,6,0
355,1056,1.15,1.150000,174.000000,172.000000,7099854882722387742,2,1,6,0
356,1062,1.15,1.150000,174.000000,172.000000,11159700437963071190,2,1,6,0
357,1068,1.72,1.720000,174.000000,171.000000,16995950043446168428,2,1,6,0
358,1074,1.15,1.150000,174.000000,172.000000,13558210347616540508,2,1,6,0
359,1079,1.15,1.150000,174.000000,172.000000,1869696623545437225,2,1,6,0
360,1085,1.15,1.150000,174.000000,172.000000,17358774355545306819,2,1,6,0
361,1092,1.72,1.720000,174.000000,171.000000,4035910778140628705,2,1,6,0
362,1098,1.15,1.150000,174.000000,172.000000,10995650723891557435,2,1,6,0
