EvalID,TimeEvaluated,ObjectiveValue,Gap,UpperBound,LowerBound,ConfigID,MipStartID,WorkerID,Iteration,Phase
1,6,18.77,18.770000,203.000000,164.892280,14921508010286178949,null,0,1,0
2,13,14.49,14.490000,195.000000,166.750000,844706301316953147,null,0,1,0
3,20,14.74,14.740000,195.000000,166.250000,5541539097495145389,null,0,1,0
4,27,15.56,15.560000,196.000000,165.500000,6052723598238457172,null,0,1,0
5,34,16.35,16.350000,198.000000,165.619768,5352894528653622990,null,0,1,0
6,40,18.77,18.770000,203.000000,164.892280,17336362436364057645,null,0,1,0
7,47,15.99,15.990000,197.000000,165.500000,7659158754409217640,null,0,1,0
8,54,17.96,17.960000,206.000000,169.011091,11525842961022546707,null,0,1,0
9,61,14.49,14.490000,195.000000,166.750000,15318864388476554974,null,0,1,0
10,68,14.49,14.490000,195.000000,166.750000,16027045751395533399,null,0,1,0
11,75,14.49,14.490000,195.000000,166.750000,5930117111388534364,null,0,1,0
12,82,14.49,14.490000,195.000000,166.750000,9001690191229605544,null,0,1,0
13,88,17.44,17.440000,200.000000,165.125000,6527031708453753794,null,0,1,0
14,95,19.17,19.170000,196.000000,158.424464,11685875680524305772,null,0,1,0
15,102,7.83,7.830000,181.000000,166.833333,10934190324494141854,null,0,1,0
16,108,19.29,19.290000,204.000000,164.648352,16457185128350879462,null,0,1,0
17,115,7.83,7.830000,181.000000,166.833333,17908081365004091475,null,0,1,0
18,122,8.51,8.510000,181.000000,165.594862,3925125927789875461,null,0,1,0
19,128,26.65,26.650000,227.000000,166.500000,2045221141382991416,null,0,1,0
20,135,7.83,7.830000,181.000000,166.833333,6832555942912029162,null,0,1,0
21,6,24.16,24.160000,206.000000,156.222000,15365607158388011512,null,1,1,0
22,12,11.7,11.700000,188.000000,166.000000,3199221968892012382,null,1,1,0
23,19,17.18,17.180000,203.000000,168.123000,5344114462705070404,null,1,1,0
24,26,11.33,11.330000,188.000000,166.691000,4608683317369400977,null,1,1,0
25,33,12.25,12.250000,188.000000,164.965000,10183251297368310885,null,1,1,0
26,39,14.44,14.440000,195.000000,166.850000,17301422538752726526,null,1,1,0
27,46,19.67,19.670000,204.000000,163.865000,7853643713855814856,null,1,1,0
28,52,20.37,20.370000,210.000000,167.233000,7047121624015270372,null,1,1,0
29,59,11.33,11.330000,188.000000,166.691000,10871292848052637556,null,1,1,0
30,66,15.03,15.030000,193.000000,164.000000,17241798485425483848,null,1,1,0
31,72,11.83,11.830000,186.000000,164.000000,17211541434175095368,null,1,1,0
32,79,11.1,11.100000,188.000000,167.129000,13524820826731495241,null,1,1,0
33,86,11.1,11.100000,188.000000,167.129000,9140497324615236317,null,1,1,0
34,92,18.41,18.410000,201.000000,164.000000,9959200281027966836,null,1,1,0
35,99,11.1,11.100000,188.000000,167.129000,17281865248929420296,null,1,1,0
36,106,11.1,11.100000,188.000000,167.129000,16272327482022347959,null,1,1,0
37,112,25.28,25.280000,227.000000,169.625000,16212558746348657286,null,1,1,0
38,119,11.1,11.100000,188.000000,167.129000,9891193536651374664,null,1,1,0
39,126,15.98,15.980000,199.000000,167.193000,2018282578063332128,null,1,1,0
40,133,11.1,11.100000,188.000000,167.129000,10382874648305447601,null,1,1,0
41,7,12.03,12.030000,188.000000,165.392000,8040614548108922449,null,2,1,0
42,13,12.03,12.030000,188.000000,165.392000,11508900608266983114,null,2,1,0
43,21,12.02,12.020000,188.000000,165.412000,14124704172815557273,null,2,1,0
44,27,15.66,15.660000,196.000000,165.316000,8211427843236488609,null,2,1,0
45,34,10.93,10.930000,186.000000,165.679000,16528338703715551351,null,2,1,0
46,41,23.39,23.390000,218.000000,167.000000,13473495868822109980,null,2,1,0
47,48,9.73,9.730000,185.000000,167.000000,7463331420193356189,null,2,1,0
48,54,15.66,15.660000,196.000000,165.316000,11823434672886172235,null,2,1,0
49,61,9.73,9.730000,185.000000,167.000000,10496554239123922181,null,2,1,0
50,68,12.02,12.020000,188.000000,165.412000,16598606221932501171,null,2,1,0
51,75,20.05,20.050000,207.000000,165.500000,3326920995599702973,null,2,1,0
52,82,10.99,10.990000,189.000000,168.231000,8313512173811180602,null,2,1,0
53,89,9.73,9.730000,185.000000,167.000000,3463101980964506631,null,2,1,0
54,95,24.16,24.160000,206.000000,156.222000,15062911461850250011,null,2,1,0
55,101,11.56,11.560000,187.000000,165.382000,17072647432770369092,null,2,1,0
56,108,9.73,9.730000,185.000000,167.000000,7891453999309932496,null,2,1,0
57,115,23.39,23.390000,218.000000,167.000000,6179983414255871857,null,2,1,0
58,122,10,10.000000,185.000000,166.500000,14692818426952152061,null,2,1,0
59,128,12.89,12.890000,190.000000,165.500000,944166115650825992,null,2,1,0
60,135,9.7,9.700000,183.000000,165.250000,4973594776128906194,null,2,1,0
61,6,13.73,13.730000,193.000000,166.496000,912174484402203726,null,3,1,0
62,13,13.73,13.730000,193.000000,166.496000,17610036279239626863,null,3,1,0
63,19,24.16,24.160000,206.000000,156.222000,14990727684619180058,null,3,1,0
64,25,17.14,17.140000,195.000000,161.585000,15291079543941087862,null,3,1,0
65,31,16.37,16.370000,198.000000,165.591000,16440796629198055191,null,3,1,0
66,38,19.61,19.610000,204.000000,164.000000,6280592742857848060,null,3,1,0
67,44,13.73,13.730000,193.000000,166.496000,6510458283817198972,null,3,1,0
68,51,1.79769e+308,,,169.500000,15236902865966542462,null,3,1,0
69,58,13.73,13.730000,193.000000,166.496000,17371929087103202980,null,3,1,0
70,64,11.84,11.840000,187.000000,164.854000,9802595276868339603,null,3,1,0
71,71,16.59,16.590000,198.000000,165.160000,11968137501493415108,null,3,1,0
72,77,18.43,18.430000,196.000000,159.875000,17422917389113738726,null,3,1,0
73,84,15.45,15.450000,198.000000,167.405000,3621915737964950535,null,3,1,0
74,90,11.84,11.840000,187.000000,164.854000,2976229210708279529,null,3,1,0
75,97,11.41,11.410000,187.000000,165.655000,10380586014042296670,null,3,1,0
76,104,13.26,13.260000,192.000000,166.538000,5262686972746093929,null,3,1,0
77,111,19.21,19.210000,203.000000,164.000000,15582255794364313248,null,3,1,0
78,117,11.36,11.360000,187.000000,165.757000,11416969568721950456,null,3,1,0
79,124,16.37,16.370000,197.000000,164.760000,10613606683672779608,null,3,1,0
80,131,11.36,11.360000,187.000000,165.757000,14510989765644820853,null,3,1,0
81,142,19.81,19.810000,207.000000,166.000000,4481680853736616998,null,0,1,1
82,148,19.08,19.080000,200.000000,161.838489,13550823825126858721,null,0,1,1
83,156,14.41,14.410000,196.000000,167.750000,6557937876926556587,null,0,1,1
84,162,15.31,15.310000,196.000000,166.000000,13656208505820510713,null,0,1,1
85,170,17.73,17.730000,203.000000,167.000000,752190223503897658,null,0,1,1
86,176,8.01,8.010000,181.000000,166.500000,8219220725466490511,null,0,1,1
87,183,7.83,7.830000,181.000000,166.833333,5343331604850217584,null,0,1,1
88,142,13.85,13.850000,195.000000,168.000000,16868385950231958969,null,1,1,1
89,149,8.74,8.740000,183.000000,167.000000,49506214875804791,null,1,1,1
90,156,29.54,29.540000,239.000000,168.400000,6299704453803672067,null,1,1,1
91,163,13.02,13.020000,192.000000,167.000000,1052677172600274382,null,1,1,1
92,170,14.06,14.060000,192.000000,165.000000,9762024365095456334,null,1,1,1
93,176,14.08,14.080000,195.000000,167.548193,11567090601960150431,null,1,1,1
94,183,17.82,17.820000,202.000000,166.000000,3927519193416833090,null,1,1,1
95,142,17.82,17.820000,202.000000,166.000000,9341794968752617901,null,2,1,1
96,149,17.82,17.820000,202.000000,166.000000,1873506970268741051,null,2,1,1
97,156,17.82,17.820000,202.000000,166.000000,13961155381416782773,null,2,1,1
98,162,8.01,8.010000,181.000000,166.500000,4550536154575295970,null,2,1,1
99,170,9.59,9.590000,185.000000,167.250000,3415408906924591393,null,2,1,1
100,177,14.97,14.970000,197.000000,167.500000,9457045049148645568,null,2,1,1
101,184,7.56,7.560000,180.000000,166.388889,14672713698519674367,null,2,1,1
102,142,7.83,7.830000,181.000000,166.833333,13382510253716272993,null,3,1,1
103,149,7.83,7.830000,181.000000,166.833333,3109549211566010277,null,3,1,1
104,156,7.83,7.830000,181.000000,166.833333,5592434082278918181,null,3,1,1
105,163,7.83,7.830000,181.000000,166.833333,4569224940209290052,null,3,1,1
106,170,7.83,7.830000,181.000000,166.833333,7488566356817450982,null,3,1,1
107,177,7.83,7.830000,181.000000,166.833333,14498229481937973021,null,3,1,1
108,183,1.79769e+308,,,169.000000,13231903199387040729,null,3,1,1
109,190,9.59,9.590000,185.000000,167.250000,3415408906924591393,null,0,2,0
110,197,7.56,7.560000,180.000000,166.388889,18367708725635064270,null,0,2,0
111,204,8.84,8.840000,181.000000,165.000000,5225250661652229876,null,0,2,0
112,211,16.5,16.500000,197.000000,164.500000,4039548206072845952,null,0,2,0
113,218,7.56,7.560000,180.000000,166.388889,18302697724556141005,null,0,2,0
114,225,19.8,19.800000,199.000000,159.596746,10755943990842748832,null,0,2,0
115,232,7.56,7.560000,180.000000,166.388889,6536910148735419217,null,0,2,0
116,238,8.01,8.010000,181.000000,166.500000,4550536154575295970,null,0,2,0
117,245,9.32,9.320000,181.000000,164.128788,1266317328274419222,null,0,2,0
118,191,6.29,6.290000,178.000000,166.800000,14672713698519674364,3,1,2,0
119,197,7.78,7.780000,180.000000,166.000000,7925200488825043824,3,1,2,0
120,204,10.14,10.140000,180.000000,161.756000,1343846384211355002,3,1,2,0
121,211,8.01,8.010000,181.000000,166.500000,13839909576317483866,3,1,2,0
122,218,6.29,6.290000,178.000000,166.800000,18367708725635064269,3,1,2,0
123,225,7.78,7.780000,180.000000,166.000000,4039548206072845959,3,1,2,0
124,232,7.6,7.600000,181.000000,167.250000,370532564087552530,3,1,2,0
125,239,7,7.000000,180.000000,167.395000,14355558929381782061,3,1,2,0
126,246,10.44,10.440000,180.000000,161.206000,6909479147333006803,3,1,2,0
127,190,1.79769e+308,,,169.000000,4026209159739688850,null,2,2,0
128,197,1.79769e+308,,,168.205000,12953506944662576939,null,2,2,0
129,203,1.79769e+308,,,169.000000,11113882590522881125,null,2,2,0
130,210,1.79769e+308,,,169.000000,380936557693598712,null,2,2,0
131,216,1.79769e+308,,,168.773000,11042753329687234954,null,2,2,0
132,223,1.79769e+308,,,169.000000,1451358747538774106,null,2,2,0
133,230,1.79769e+308,,,169.000000,1508368962287154303,null,2,2,0
134,236,1.79769e+308,,,169.000000,8017693861580913912,null,2,2,0
135,243,1.79769e+308,,,169.000000,384236639912352704,null,2,2,0
136,191,16.74,16.740000,193.000000,160.690000,18356326176771533288,null,3,2,0
137,197,11.54,11.540000,182.000000,161.000000,1743053416052398038,null,3,2,0
138,203,20.71,20.710000,198.000000,157.000000,11508612202410082827,null,3,2,0
139,210,12.85,12.850000,183.000000,159.483000,12740953697194208156,null,3,2,0
140,216,17.09,17.090000,199.000000,165.000000,14306173943972514527,null,3,2,0
141,223,22.04,22.040000,205.000000,159.825000,4747509864231239048,null,3,2,0
142,229,16.04,16.040000,187.000000,157.000000,13678926328436876460,null,3,2,0
143,236,25.52,25.520000,214.000000,159.396000,7545288935112237172,null,3,2,0
144,242,28.52,28.520000,220.000000,157.252000,13801344645298570271,null,3,2,0
145,253,13.92,13.920000,194.000000,167.000000,4154581800067870389,null,0,2,1
146,259,28.9,28.900000,237.000000,168.500000,1989935221810676124,null,0,2,1
147,266,1.79769e+308,,,166.175078,7670717575696238771,null,0,2,1
148,272,13.93,13.930000,191.000000,164.391304,5109472972289931013,null,0,2,1
149,280,7.56,7.560000,180.000000,166.388889,5863410932880580331,null,0,2,1
150,287,24.41,24.410000,213.000000,161.000000,8042307578824269060,null,0,2,1
151,294,7.56,7.560000,180.000000,166.388889,17462981745022818288,null,0,2,1
152,301,7.56,7.560000,180.000000,166.388889,5854596664134619318,null,0,2,1
153,308,7.56,7.560000,180.000000,166.388889,17323777145006364457,null,0,2,1
154,315,7.56,7.560000,180.000000,166.388889,12840801821586256677,null,0,2,1
155,252,12.23,12.230000,188.000000,165.000000,4218056381806448222,null,1,2,1
156,259,16.79,16.790000,198.000000,164.750000,2592641694979521514,null,1,2,1
157,266,14.85,14.850000,197.000000,167.750000,35678087333345031,null,1,2,1
158,273,24.21,24.210000,211.000000,159.909091,9058609130979158131,null,1,2,1
159,280,7.56,7.560000,180.000000,166.388889,13515259683375932427,null,1,2,1
160,287,30.6,30.600000,232.000000,161.000000,8804005520674104831,null,1,2,1
161,294,15.4,15.400000,198.000000,167.500000,6106651650867677829,null,1,2,1
162,300,15.4,15.400000,198.000000,167.500000,1612176346158648422,null,1,2,1
163,308,23.67,23.670000,211.000000,161.053736,16693205872563259335,null,1,2,1
164,253,7.56,7.560000,180.000000,166.388889,13047953163672393924,null,2,2,1
165,259,17.59,17.590000,203.000000,167.285714,7468995007716989580,null,2,2,1
166,266,9.56,9.560000,183.000000,165.500000,6805095970302391616,null,2,2,1
167,273,7.56,7.560000,180.000000,166.388889,9303479380313590332,null,2,2,1
168,280,21.9,21.900000,210.000000,164.000000,320247227145373697,null,2,2,1
169,287,23.02,23.020000,215.000000,165.500000,13187981948889440672,null,2,2,1
170,294,9.95,9.950000,186.000000,167.500000,16382169934302511417,null,2,2,1
171,301,12.83,12.830000,189.000000,164.750000,17934601847227843632,null,2,2,1
172,308,17.06,17.060000,194.000000,160.909091,1935618390521816571,null,2,2,1
173,252,18.75,18.750000,204.000000,165.741475,4075023760722595306,null,3,2,1
174,260,9.25,9.250000,181.000000,164.261905,8617306755809516258,null,3,2,1
175,266,9.25,9.250000,181.000000,164.261905,6840269327863898159,null,3,2,1
176,273,10.33,10.330000,184.000000,165.000000,7676662908692235213,null,3,2,1
177,280,14.44,14.440000,189.000000,161.710843,9053483593378198167,null,3,2,1
178,287,11.69,11.690000,186.000000,164.258242,3324380362036761693,null,3,2,1
179,293,13.73,13.730000,193.000000,166.500000,12798663537904803959,null,3,2,1
180,301,21.01,21.010000,207.000000,163.500000,2859633295128495643,null,3,2,1
181,308,7.56,7.560000,180.000000,166.388889,1836719441874579197,null,3,2,1
182,322,7.56,7.560000,180.000000,166.388889,3523957038244201424,null,0,3,0
183,329,32.11,32.110000,246.000000,167.000000,14355558929381782062,null,0,3,0
184,336,6.94,6.940000,180.000000,167.500000,8818129691528705066,null,0,3,0
185,342,8.01,8.010000,181.000000,166.500000,4550536154575295970,null,0,3,0
186,348,8.64,8.640000,181.000000,165.357143,8586458754182693032,null,0,3,0
187,322,6.05,6.050000,178.000000,167.222000,14672713698519674364,5,1,3,0
188,329,6.05,6.050000,178.000000,167.222000,3523957038244201427,5,1,3,0
189,336,6.05,6.050000,178.000000,167.222000,3289882136756885478,5,1,3,0
190,343,5.38,5.380000,178.000000,168.429000,4550536154575295969,5,1,3,0
191,350,5.38,5.380000,178.000000,168.429000,2478494525659477836,5,1,3,0
192,321,24.16,24.160000,206.000000,156.222000,8922780792103650508,null,2,3,0
193,327,24.16,24.160000,206.000000,156.222000,11293860679027355831,null,2,3,0
194,333,24.16,24.160000,206.000000,156.222000,8056219760192256977,null,2,3,0
195,339,24.16,24.160000,206.000000,156.222000,2581315365044725109,null,2,3,0
196,345,24.16,24.160000,206.000000,156.222000,9923345277391479674,null,2,3,0
197,321,16.33,16.330000,196.000000,164.000000,8455646773800362458,null,3,3,0
198,328,14.06,14.060000,192.000000,165.000000,8235751177820736836,null,3,3,0
199,334,12.12,12.120000,184.000000,161.696000,2792526220655187885,null,3,3,0
200,340,1.79769e+308,,,165.000000,15023027562391700655,null,3,3,0
201,347,10.33,10.330000,184.000000,165.000000,12176542993229772063,null,3,3,0
202,356,20.3,20.300000,197.000000,157.000000,607575636922799543,null,0,3,1
203,364,6.94,6.940000,180.000000,167.500000,3889259257125962325,null,0,3,1
204,371,15.31,15.310000,186.000000,157.532110,123013765689054168,null,0,3,1
205,376,1.79769e+308,,,155.111111,17095117477162783166,null,0,3,1
206,384,1.79769e+308,,,154.000000,1748595804645911213,null,0,3,1
207,391,20.61,20.610000,201.000000,159.583333,9972132060443319889,null,0,3,1
208,398,10.54,10.540000,185.000000,165.500000,8757784910880144929,null,0,3,1
209,405,10.55,10.550000,181.000000,161.909091,17356694832615901254,null,0,3,1
210,413,12.04,12.040000,188.000000,165.371429,16649874188524612343,null,0,3,1
211,357,18.86,18.860000,198.000000,160.660286,2475783655776512440,null,1,3,1
212,364,24.66,24.660000,223.000000,168.000000,11482462692910811663,null,1,3,1
213,371,19.24,19.240000,205.000000,165.555556,16312101811549850824,null,1,3,1
214,378,16.5,16.500000,200.000000,167.000000,6081120082546550352,null,1,3,1
215,385,6.94,6.940000,180.000000,167.500000,5415580659539364919,null,1,3,1
216,392,11.85,11.850000,188.000000,165.728972,17017929693275544595,null,1,3,1
217,399,6.94,6.940000,180.000000,167.500000,5089930100717108064,null,1,3,1
218,406,6.94,6.940000,180.000000,167.500000,8847121637504507316,null,1,3,1
219,412,7.78,7.780000,180.000000,166.000000,6917479186079619282,null,1,3,1
220,357,8.04,8.040000,180.000000,165.533333,8705527809558624741,null,2,3,1
221,364,7.22,7.220000,180.000000,167.000000,15854505587621085317,null,2,3,1
222,371,6.94,6.940000,180.000000,167.500000,4678208425497802365,null,2,3,1
223,378,6.94,6.940000,180.000000,167.500000,15435179098789879966,null,2,3,1
224,385,6.94,6.940000,180.000000,167.500000,3690069925707155385,null,2,3,1
225,392,6.94,6.940000,180.000000,167.500000,2917177402068696,null,2,3,1
226,399,6.94,6.940000,180.000000,167.500000,10050179565645637214,null,2,3,1
227,406,6.94,6.940000,180.000000,167.500000,4783014322840013204,null,2,3,1
228,413,6.94,6.940000,180.000000,167.500000,18363122807425599474,null,2,3,1
229,357,6.94,6.940000,180.000000,167.500000,17263497164001710764,null,3,3,1
230,364,6.94,6.940000,180.000000,167.500000,9935387082860991661,null,3,3,1
231,371,6.94,6.940000,180.000000,167.500000,13445187060240474376,null,3,3,1
232,378,6.94,6.940000,180.000000,167.500000,6209008166182959060,null,3,3,1
233,385,6.94,6.940000,180.000000,167.500000,3438932459692843945,null,3,3,1
234,392,6.94,6.940000,180.000000,167.500000,4324680781358854750,null,3,3,1
235,399,6.94,6.940000,180.000000,167.500000,1885881434234316755,null,3,3,1
236,406,7.93,7.930000,181.000000,166.647059,18223734224629575585,null,3,3,1
237,412,20.18,20.180000,210.000000,167.625000,15002552823752869055,null,3,3,1
238,420,14.97,14.970000,197.000000,167.500000,9457045049148645568,null,0,4,0
239,426,7.83,7.830000,181.000000,166.833333,1941988568980959932,null,0,4,0
240,433,8.01,8.010000,181.000000,166.500000,14999700221773587992,null,0,4,0
241,439,8.64,8.640000,181.000000,165.357143,370532564087552531,null,0,4,0
242,446,17.89,17.890000,204.000000,167.500000,10733823251163511476,null,0,4,0
243,453,7.83,7.830000,181.000000,166.833333,10934190324494141854,null,0,4,0
244,459,26.43,26.430000,227.000000,167.000000,15691973916063303265,null,0,4,0
245,466,10.49,10.490000,185.000000,165.600000,13480229168316836434,null,0,4,0
246,472,32.11,32.110000,246.000000,167.000000,17985123935951036858,null,0,4,0
247,479,16.99,16.990000,201.000000,166.857143,9789231778710228589,null,0,4,0
248,485,8.84,8.840000,181.000000,165.000000,5225250661652229876,null,0,4,0
249,492,23.48,23.480000,220.000000,168.333333,13230113290033568306,null,0,4,0
250,499,13.62,13.620000,196.000000,169.312500,15726247319417317304,null,0,4,0
251,506,8.01,8.010000,181.000000,166.500000,9308896275765896940,null,0,4,0
252,427,4.92,4.920000,178.000000,169.250000,14402196765224998651,5,1,4,0
253,434,10.1,10.100000,178.000000,160.028000,752190223503897657,5,1,4,0
254,441,5.59,5.590000,178.000000,168.056000,16439943896209647195,5,1,4,0
255,448,4.92,4.920000,178.000000,169.250000,7863702074867391552,5,1,4,0
256,455,5.06,5.060000,178.000000,169.000000,18090506890240414717,5,1,4,0
257,462,4.92,4.920000,178.000000,169.250000,18207033486631666967,5,1,4,0
258,469,4.92,4.920000,178.000000,169.250000,9163859911334780010,5,1,4,0
259,476,6.18,6.180000,178.000000,167.000000,14782878899684079660,5,1,4,0
260,483,5.01,5.010000,178.000000,169.082000,15886344806953505692,5,1,4,0
261,490,4.68,4.680000,178.000000,169.667000,13936377961826187494,5,1,4,0
262,497,6.78,6.780000,178.000000,165.935000,12648960462813933775,5,1,4,0
263,504,4.31,4.310000,178.000000,170.333000,16901663022525597923,5,1,4,0
264,512,4.38,4.380000,178.000000,170.200000,2431357975498009530,5,1,4,0
265,420,18.02,18.020000,202.000000,165.600000,3307766030144862981,null,2,4,0
266,427,18.02,18.020000,202.000000,165.600000,3597948450980704696,null,2,4,0
267,435,13.72,13.720000,196.000000,169.112000,14060850300403833329,null,2,4,0
268,442,1.79769e+308,,,167.500000,3455540257919596734,null,2,4,0
269,449,13.72,13.720000,196.000000,169.114000,9071045861474983183,null,2,4,0
270,457,30.92,30.920000,242.000000,167.167000,4992694050172251959,null,2,4,0
271,464,13.72,13.720000,196.000000,169.112000,11207466267081376836,null,2,4,0
272,472,13.72,13.720000,196.000000,169.112000,703893510234093202,null,2,4,0
273,479,13.5,13.500000,196.000000,169.538000,16090242122048642524,null,2,4,0
274,486,13.5,13.500000,196.000000,169.538000,12932068679985584358,null,2,4,0
275,493,15.41,15.410000,199.000000,168.333000,8311921687322855734,null,2,4,0
276,501,13.5,13.500000,196.000000,169.538000,11113508107716659436,null,2,4,0
277,508,13.28,13.280000,195.000000,169.108000,2366381833496964823,null,2,4,0
278,515,11.32,11.320000,192.000000,170.267000,16875978655590366538,null,2,4,0
279,419,14.67,14.670000,184.000000,157.000000,14411663470680129108,null,3,4,0
280,425,14.67,14.670000,184.000000,157.000000,2815198544593436723,null,3,4,0
281,431,14.67,14.670000,184.000000,157.000000,6079525944805628088,null,3,4,0
282,437,14.67,14.670000,184.000000,157.000000,18189460026759158550,null,3,4,0
283,443,14.67,14.670000,184.000000,157.000000,15233149331046566335,null,3,4,0
284,449,14.67,14.670000,184.000000,157.000000,12988667234660266617,null,3,4,0
285,455,14.67,14.670000,184.000000,157.000000,6028372647352724702,null,3,4,0
286,461,14.67,14.670000,184.000000,157.000000,5048108634252821794,null,3,4,0
287,467,14.67,14.670000,184.000000,157.000000,14281745675842580446,null,3,4,0
288,473,14.67,14.670000,184.000000,157.000000,14513712188109153854,null,3,4,0
289,478,14.67,14.670000,184.000000,157.000000,6665369371685862470,null,3,4,0
290,485,14.67,14.670000,184.000000,157.000000,7913293146789380716,null,3,4,0
291,490,14.67,14.670000,184.000000,157.000000,9831103829737650746,null,3,4,0
292,496,14.67,14.670000,184.000000,157.000000,8401512588909762370,null,3,4,0
293,522,14.19,14.190000,192.000000,164.750000,11287242323220252607,null,0,4,1
294,528,6.94,6.940000,180.000000,167.500000,1464220906915666276,null,0,4,1
295,535,6.94,6.940000,180.000000,167.500000,7785608764302289461,null,0,4,1
296,542,6.94,6.940000,180.000000,167.500000,4780203834974588957,null,0,4,1
297,549,6.94,6.940000,180.000000,167.500000,5617637259277090555,null,0,4,1
298,556,6.94,6.940000,180.000000,167.500000,11273776265614267171,null,0,4,1
299,563,6.94,6.940000,180.000000,167.500000,12634238969434780793,null,0,4,1
300,521,17.57,17.570000,202.000000,166.500000,9588590906876217532,null,1,4,1
301,528,17.57,17.570000,202.000000,166.500000,3086971342864077010,null,1,4,1
302,535,26.6,26.600000,225.000000,165.139759,14867902569296031981,null,1,4,1
303,542,6.94,6.940000,180.000000,167.500000,8582014365536615360,null,1,4,1
304,549,6.94,6.940000,180.000000,167.500000,12189777169604252101,null,1,4,1
305,556,6.94,6.940000,180.000000,167.500000,13061847530421011638,null,1,4,1
306,563,6.94,6.940000,180.000000,167.500000,16748743511812593412,null,1,4,1
307,522,6.94,6.940000,180.000000,167.500000,11072392062397067272,null,2,4,1
308,528,9.73,9.730000,185.000000,167.000000,12957509400729777195,null,2,4,1
309,535,19.89,19.890000,207.000000,165.824769,13269248310441575329,null,2,4,1
310,542,7.82,7.820000,180.000000,165.916667,7398183886898474360,null,2,4,1
311,549,1.79769e+308,,,167.000000,5810406818172730496,null,2,4,1
312,556,6.94,6.940000,180.000000,167.500000,356827168596572530,null,2,4,1
313,563,6.94,6.940000,180.000000,167.500000,8792654578091822180,null,2,4,1
314,522,6.94,6.940000,180.000000,167.500000,11303746449793559954,null,3,4,1
315,528,6.94,6.940000,180.000000,167.500000,11515414526512365642,null,3,4,1
316,535,6.94,6.940000,180.000000,167.500000,2374868547988950813,null,3,4,1
317,542,6.94,6.940000,180.000000,167.500000,2942697951895925384,null,3,4,1
318,549,6.94,6.940000,180.000000,167.500000,13939020491570615515,null,3,4,1
319,556,6.94,6.940000,180.000000,167.500000,2484540385337604806,null,3,4,1
320,563,15.86,15.860000,191.000000,160.699068,6342407775864526823,null,3,4,1
321,570,20.85,20.850000,211.000000,167.000000,9379601033558527767,null,0,5,0
322,577,14.05,14.050000,195.000000,167.600000,1978694937278973036,null,0,5,0
323,584,12.95,12.950000,193.000000,168.000000,10404011934366108937,null,0,5,0
324,591,19.62,19.620000,209.000000,168.000000,3360753658648839356,null,0,5,0
325,597,8.24,8.240000,182.000000,167.000000,4673769620083297607,null,0,5,0
326,604,27.18,27.180000,229.000000,166.750000,5327921395891685190,null,0,5,0
327,611,14.92,14.920000,196.000000,166.750000,10184267231241649269,null,0,5,0
328,617,20.85,20.850000,211.000000,167.000000,12964674248727507019,null,0,5,0
329,624,24.06,24.060000,214.000000,162.507752,18427770605578517846,null,0,5,0
330,578,5.22,5.220000,178.000000,168.714000,3360753658648839359,5,1,5,0
331,585,4.38,4.380000,178.000000,170.200000,2431357975498009530,5,1,5,0
332,592,5.73,5.730000,178.000000,167.800000,2111293024350549112,5,1,5,0
333,599,6.59,6.590000,177.000000,165.333000,15991854348417962312,5,1,5,0
334,606,4.41,4.410000,178.000000,170.143000,9619507922046642667,5,1,5,0
335,613,9.2,9.200000,178.000000,161.617000,947049874222461207,5,1,5,0
336,620,4.31,4.310000,178.000000,170.333000,2499370335016503929,5,1,5,0
337,627,7.02,7.020000,178.000000,165.500000,11600974456092697109,5,1,5,0
338,570,10.11,10.110000,182.000000,163.600000,2064270540236040813,null,2,5,0
339,576,10.11,10.110000,182.000000,163.600000,6092430521492323264,null,2,5,0
340,583,11.14,11.140000,184.000000,163.500000,12678505613009979467,null,2,5,0
341,590,15.2,15.200000,197.000000,167.050000,15740689386165300036,null,2,5,0
342,596,17.67,17.670000,199.000000,163.833000,8312077171221287328,null,2,5,0
343,603,8.68,8.680000,182.000000,166.200000,16089656517494965858,null,2,5,0
344,609,9.71,9.710000,182.000000,164.333000,15283883966067074615,null,2,5,0
345,616,8.68,8.680000,182.000000,166.200000,18278752603356860819,null,2,5,0
346,622,10.38,10.380000,182.000000,163.111000,919199463169474796,null,2,5,0
347,570,16.83,16.830000,200.000000,166.333000,4748540887171767759,null,3,5,0
348,577,20.38,20.380000,211.000000,168.000000,16948459961427857974,null,3,5,0
349,584,15.1,15.100000,196.000000,166.398000,7151386086634399377,null,3,5,0
350,590,18.47,18.470000,205.000000,167.141000,17397016628546464568,null,3,5,0
351,597,25.49,25.490000,221.000000,164.667000,9610823549090823027,null,3,5,0
352,603,13.99,13.990000,193.000000,166.000000,3539300083437151801,null,3,5,0
353,610,16.25,16.250000,200.000000,167.500000,8542576425615483023,null,3,5,0
354,616,14.51,14.510000,193.000000,165.000000,6890602543804557332,null,3,5,0
355,623,18.72,18.720000,204.000000,165.802000,17991215874762970609,null,3,5,0
356,633,29.33,29.330000,218.000000,154.064000,12267021647128389066,null,0,5,1
357,641,13.28,13.280000,192.000000,166.500000,17390191713981632742,null,0,5,1
358,647,29.01,29.010000,221.000000,156.886544,3704900962900994130,null,0,5,1
359,655,16.67,16.670000,196.000000,163.333333,15225137267690142952,null,0,5,1
360,662,6.94,6.940000,180.000000,167.500000,10763771737581011312,null,0,5,1
361,668,12.96,12.960000,189.000000,164.500000,9184186882113537423,null,0,5,1
362,675,21.36,21.360000,214.000000,168.285714,6818557840010058163,null,0,5,1
363,682,16.62,16.620000,194.000000,161.750000,4034066616425561091,null,0,5,1
364,689,17.51,17.510000,197.000000,162.500000,1301798734437292201,null,0,5,1
365,634,6.94,6.940000,180.000000,167.500000,16141586031275509134,null,1,5,1
366,641,6.94,6.940000,180.000000,167.500000,3105516738515200516,null,1,5,1
367,648,6.94,6.940000,180.000000,167.500000,12287595618178144228,null,1,5,1
368,655,6.94,6.940000,180.000000,167.500000,2828694253620983459,null,1,5,1
369,662,6.94,6.940000,180.000000,167.500000,13914195765225019719,null,1,5,1
370,668,6.94,6.940000,180.000000,167.500000,957481928994240109,null,1,5,1
371,675,17.28,17.280000,191.000000,158.000000,8083846860768207587,null,1,5,1
372,682,20.85,20.850000,211.000000,167.000000,10158797863648738745,null,1,5,1
373,689,6.94,6.940000,180.000000,167.500000,17805254746596729800,null,1,5,1
374,634,6.94,6.940000,180.000000,167.500000,3296019532630407027,null,2,5,1
375,641,6.94,6.940000,180.000000,167.500000,7044852775216780778,null,2,5,1
376,648,6.94,6.940000,180.000000,167.500000,7120096922952830360,null,2,5,1
377,655,6.94,6.940000,180.000000,167.500000,15237164971002014697,null,2,5,1
378,662,6.94,6.940000,180.000000,167.500000,15245224433211326325,null,2,5,1
379,668,6.94,6.940000,180.000000,167.500000,10723884785144768736,null,2,5,1
380,675,6.94,6.940000,180.000000,167.500000,17855291987337305222,null,2,5,1
381,682,6.94,6.940000,180.000000,167.500000,659950732655726273,null,2,5,1
382,634,6.94,6.940000,180.000000,167.500000,16152560741740458645,null,3,5,1
383,641,6.94,6.940000,180.000000,167.500000,4535313092722951753,null,3,5,1
384,648,6.94,6.940000,180.000000,167.500000,16107715441522992856,null,3,5,1
385,655,6.94,6.940000,180.000000,167.500000,6251975941670533634,null,3,5,1
386,661,6.94,6.940000,180.000000,167.500000,14277098942836914033,null,3,5,1
387,668,6.94,6.940000,180.000000,167.500000,13826283993833656946,null,3,5,1
388,675,6.94,6.940000,180.000000,167.500000,5407285407461173573,null,3,5,1
389,682,6.94,6.940000,180.000000,167.500000,9552500318895232673,null,3,5,1
390,696,20.48,20.480000,210.000000,167.000000,2027030572928418435,null,0,6,0
391,703,14.92,14.920000,196.000000,166.750000,10184267231241649269,null,0,6,0
392,709,1.79769e+308,,,166.750000,2431357975498009531,null,0,6,0
393,716,20.85,20.850000,211.000000,167.000000,18088219378408403755,null,0,6,0
394,722,27.18,27.180000,229.000000,166.750000,5327921395891685190,null,0,6,0
395,728,16.17,16.170000,188.000000,157.603052,9263753237988939101,null,0,6,0
396,735,20.85,20.850000,211.000000,167.000000,2499370335016503928,null,0,6,0
397,741,20.85,20.850000,211.000000,167.000000,9379601033558527767,null,0,6,0
398,748,20.85,20.850000,211.000000,167.000000,829720779375839041,null,0,6,0
399,755,13.87,13.870000,194.000000,167.089286,16425057161112244575,null,0,6,0
400,761,22.17,22.170000,212.000000,165.000000,17277950233111685182,null,0,6,0
401,767,59.23,59.230000,378.000000,154.128000,12871066971388513817,null,0,6,0
402,774,21.43,21.430000,210.000000,165.000000,12307176710798565827,null,0,6,0
403,781,8.24,8.240000,182.000000,167.000000,4673769620083297607,null,0,6,0
404,787,22.33,22.330000,215.000000,167.000000,15991854348417962313,null,0,6,0
405,794,24.06,24.060000,214.000000,162.507752,18427770605578517846,null,0,6,0
406,800,20.85,20.850000,211.000000,167.000000,12108023349868089491,null,0,6,0
407,807,22.58,22.580000,217.000000,168.000000,9619507922046642676,null,0,6,0
408,814,24.43,24.430000,221.000000,167.000000,13936377961826187495,null,0,6,0
409,820,15.23,15.230000,197.000000,167.000000,11600974456092697110,null,0,6,0
410,827,20.85,20.850000,211.000000,167.000000,2008148555507497119,null,0,6,0
411,833,20.85,20.850000,211.000000,167.000000,2932664336659097908,null,0,6,0
412,840,18.54,18.540000,205.000000,167.000000,947049874222461206,null,0,6,0
413,846,20.85,20.850000,211.000000,167.000000,12964674248727507019,null,0,6,0
414,853,14.05,14.050000,195.000000,167.600000,1978694937278973036,null,0,6,0
415,859,59.23,59.230000,378.000000,154.128000,8157067870237494380,null,0,6,0
416,865,1.79769e+308,,,154.128000,18124647721205388239,null,0,6,0
417,697,4.34,4.340000,177.000000,169.325000,16901663022525597923,6,1,6,0
418,704,4.34,4.340000,177.000000,169.325000,2932664336659097899,6,1,6,0
419,712,4.34,4.340000,177.000000,169.325000,18088219378408403752,6,1,6,0
420,719,4.24,4.240000,177.000000,169.500000,10184267231241649258,6,1,6,0
421,726,4.19,4.190000,177.000000,169.588000,8431697205955492986,6,1,6,0
422,734,4.19,4.190000,177.000000,169.588000,9410612920223711136,6,1,6,0
423,740,10.55,10.550000,177.000000,158.333000,15478427951524780058,6,1,6,0
424,748,4.05,4.050000,177.000000,169.839000,1978694937278973037,6,1,6,0
425,755,10.55,10.550000,177.000000,158.333000,17332828556379299078,6,1,6,0
426,761,6.12,6.120000,177.000000,166.167000,3295757199408742390,6,1,6,0
427,768,8.47,8.470000,177.000000,162.000000,9839060499339774596,6,1,6,0
428,775,6.71,6.710000,177.000000,165.125000,13936377961826187494,6,1,6,0
429,782,4.05,4.050000,177.000000,169.839000,7176999564596480417,6,1,6,0
430,789,4.19,4.190000,177.000000,169.583000,9254982319986180932,6,1,6,0
431,797,4.05,4.050000,177.000000,169.839000,1667331763456295274,6,1,6,0
432,804,4.05,4.050000,177.000000,169.839000,6367927126800604374,6,1,6,0
433,811,9.04,9.040000,177.000000,161.000000,7504401905838372859,6,1,6,0
434,818,5.04,5.040000,177.000000,168.077000,7831641014574988692,6,1,6,0
435,826,4.05,4.050000,177.000000,169.839000,3440007001263221836,6,1,6,0
436,833,4.35,4.350000,177.000000,169.300000,11496073156785625542,6,1,6,0
437,840,5.46,5.460000,177.000000,167.333000,18000347178806134293,6,1,6,0
438,847,4.93,4.930000,177.000000,168.267000,18367928702602100064,6,1,6,0
439,855,4.05,4.050000,177.000000,169.839000,4769837229437791113,6,1,6,0
440,861,8.36,8.360000,177.000000,162.200000,635804776078532340,6,1,6,0
441,869,4.8,4.800000,177.000000,168.500000,15502928025401702944,6,1,6,0
442,875,9.21,9.210000,177.000000,160.694000,6485342416284603675,6,1,6,0
443,883,4.05,4.050000,177.000000,169.839000,12117669027982821812,6,1,6,0
444,696,14.93,14.930000,182.000000,154.833000,3990444079985369314,null,2,6,0
445,703,17.2,17.200000,186.000000,154.000000,885214115752335458,null,2,6,0
446,710,14.93,14.930000,182.000000,154.833000,14149661738520619511,null,2,6,0
447,717,16.21,16.210000,186.000000,155.852000,8907968235563060356,null,2,6,0
448,724,15.85,15.850000,183.000000,154.000000,15714274690027033395,null,2,6,0
449,730,16.3,16.300000,184.000000,154.000000,4778024933160546906,null,2,6,0
450,737,28.67,28.670000,222.000000,158.364000,10653275155348902449,null,2,6,0
451,744,15.38,15.380000,182.000000,154.000000,1218281575409001949,null,2,6,0
452,751,16.21,16.210000,186.000000,155.852000,8272253633540368010,null,2,6,0
453,758,14.92,14.920000,181.000000,154.000000,5366763277370506700,null,2,6,0
454,764,15.38,15.380000,182.000000,154.000000,12425260505438918275,null,2,6,0
455,771,14.77,14.770000,182.000000,155.111000,5653295409137179396,null,2,6,0
456,778,16.21,16.210000,186.000000,155.852000,4529566454782427488,null,2,6,0
457,784,18.09,18.090000,188.000000,154.000000,7952850383931372805,null,2,6,0
458,791,16.76,16.760000,185.000000,154.000000,10254154289146303205,null,2,6,0
459,797,27.69,27.690000,219.000000,158.364000,17616912071674026435,null,2,6,0
460,804,17.65,17.650000,187.000000,154.000000,556646342092361992,null,2,6,0
461,811,15.68,15.680000,185.000000,156.000000,15491446722775207518,null,2,6,0
462,818,14.57,14.570000,181.000000,154.632000,12815891802350407986,null,2,6,0
463,824,14.67,14.670000,184.000000,157.000000,14138310804527682057,null,2,6,0
464,831,15.22,15.220000,184.000000,156.000000,8572561519473124559,null,2,6,0
465,838,15.38,15.380000,182.000000,154.000000,9780776693645651411,null,2,6,0
466,844,25.94,25.940000,212.000000,157.000000,3561793774492352533,null,2,6,0
467,851,15.38,15.380000,182.000000,154.000000,17792545729895760179,null,2,6,0
468,858,14.44,14.440000,180.000000,154.000000,559538779830212377,null,2,6,0
469,864,13.74,13.740000,182.000000,157.000000,13512008137997670064,null,2,6,0
470,871,17.09,17.090000,187.000000,155.047000,15812855108377244056,null,2,6,0
471,696,25.84,25.840000,212.000000,157.211000,9245398672153738617,null,3,6,0
472,703,25.84,25.840000,212.000000,157.211000,11668105022728208930,null,3,6,0
473,709,43.17,43.170000,291.000000,165.371000,8297555051056545022,null,3,6,0
474,716,44.93,44.930000,300.000000,165.202000,16373033110550206722,null,3,6,0
475,722,18.51,18.510000,195.000000,158.902000,11711540674911348334,null,3,6,0
476,729,13.38,13.380000,191.000000,165.451000,3826856957305279149,null,3,6,0
477,736,12.7,12.700000,189.000000,165.001000,9508835056739390957,null,3,6,0
478,743,11.21,11.210000,181.000000,160.709000,2620929949957972060,null,3,6,0
479,750,12.89,12.890000,190.000000,165.500000,14582165070641334339,null,3,6,0
480,756,19.61,19.610000,202.000000,162.380000,17940371492594317035,null,3,6,0
481,763,11.21,11.210000,181.000000,160.709000,9941441016561369982,null,3,6,0
482,770,15.58,15.580000,190.000000,160.406000,12537335751074856528,null,3,6,0
483,777,11.21,11.210000,181.000000,160.709000,2898187304998889765,null,3,6,0
484,783,11.21,11.210000,181.000000,160.709000,1353769233824332910,null,3,6,0
485,790,11.21,11.210000,181.000000,160.709000,7902330141668653909,null,3,6,0
486,797,17.09,17.090000,199.000000,165.000000,15326358699453567786,null,3,6,0
487,804,11.21,11.210000,181.000000,160.709000,16795976366126881411,null,3,6,0
488,811,17.7,17.700000,193.000000,158.833000,7546322701333264267,null,3,6,0
489,818,20.4,20.400000,201.000000,160.000000,352907616538671554,null,3,6,0
490,825,20.4,20.400000,201.000000,160.000000,13195209350615406479,null,3,6,0
491,831,16.75,16.750000,191.000000,159.000000,16474026906185680156,null,3,6,0
492,837,18.37,18.370000,196.000000,160.000000,4318615411488628188,null,3,6,0
493,844,11.21,11.210000,181.000000,160.709000,3460045735697394545,null,3,6,0
494,851,14.83,14.830000,194.000000,165.225000,6388450956111321773,null,3,6,0
495,858,11.21,11.210000,181.000000,160.709000,3268351765941947460,null,3,6,0
496,864,10.89,10.890000,181.000000,161.286000,14459471040667857466,null,3,6,0
497,871,27.44,27.440000,215.000000,156.000000,11572374394351660982,null,3,6,0
498,883,1.79769e+308,,,154.000000,16223836288563290237,null,0,6,1
499,891,14.05,14.050000,195.000000,167.600000,1667331763456295275,null,0,7,0
500,898,19.23,19.230000,207.000000,167.189542,18367928702602100065,null,0,7,0
501,905,14.05,14.050000,195.000000,167.600000,7176999564596480416,null,0,7,0
502,911,20.85,20.850000,211.000000,167.000000,2008148555507497119,null,0,7,0
503,918,14.05,14.050000,195.000000,167.600000,4769837229437791126,null,0,7,0
504,898,10.55,10.550000,177.000000,158.319000,14924086987173688861,6,1,7,0
505,905,5.04,5.040000,177.000000,168.077000,7831641014574988692,6,1,7,0
506,912,4.05,4.050000,177.000000,169.839000,7176999564596480417,6,1,7,0
507,920,4.34,4.340000,177.000000,169.325000,16901663022525597923,6,1,7,0
508,891,15.23,15.230000,197.000000,167.000000,3725289370692587965,null,2,7,0
509,897,15.23,15.230000,197.000000,167.000000,298107073530730166,null,2,7,0
510,904,15.23,15.230000,197.000000,167.000000,16525148407449647634,null,2,7,0
511,911,15.23,15.230000,197.000000,167.000000,498515815162652847,null,2,7,0
512,917,15.4,15.400000,197.000000,166.667000,396607909587372454,null,2,7,0
513,891,33.87,33.870000,248.000000,164.000000,7765769369553658193,null,3,7,0
514,898,33.87,33.870000,248.000000,164.000000,7797899679316111220,null,3,7,0
515,905,33.8,33.800000,248.000000,164.184000,7423250095622432121,null,3,7,0
516,912,33.8,33.800000,248.000000,164.184000,3867710696703001444,null,3,7,0
517,918,33.8,33.800000,248.000000,164.184000,11838992369594057874,null,3,7,0
