EvalID,TimeEvaluated,ObjectiveValue,Gap,UpperBound,LowerBound,ConfigID,MipStartID,WorkerID,Iteration,Phase
1,6,31.82,31.820000,141266.228329,96310.267929,14921508010286178949,null,0,1,0
2,15,76.27,76.270000,333809.066611,79213.034497,18073175359058532266,null,0,1,0
3,21,31.83,31.830000,141308.171829,96330.986406,1894762743428622621,null,0,1,0
4,27,68.08,68.080000,301743.487560,96324.649181,3895283216737288575,null,0,1,0
5,33,31.82,31.820000,141266.228329,96310.267929,5834950261831871145,null,0,1,0
6,39,68.74,68.740000,308148.109469,96324.286183,5948685825087948624,null,0,1,0
7,46,68.74,68.740000,308144.054602,96312.913842,2823934824078185206,null,0,1,0
8,52,68.74,68.740000,308160.021378,96323.415345,10101538263502436884,null,0,1,0
9,58,68.74,68.740000,308125.462586,96311.511099,8683817217222751575,null,0,1,0
10,65,40,40.000000,160491.015866,96291.312324,5834979808369545068,null,0,1,0
11,71,16.67,16.670000,115595.478123,96323.480561,12911295086759950527,null,0,1,0
12,77,16.67,16.670000,115595.478123,96323.480561,12564094921042026139,null,0,1,0
13,83,16.67,16.670000,115595.478123,96323.480561,16275269842957739503,null,0,1,0
14,89,16.67,16.670000,115595.522267,96322.275999,1326127114502151052,null,0,1,0
15,95,16.67,16.670000,115595.478123,96323.480561,8375225105777485316,null,0,1,0
16,101,67.39,67.390000,295312.660631,96301.975931,5672817812757806089,null,0,1,0
17,107,16.67,16.670000,115594.615745,96322.275999,2782937908895448037,null,0,1,0
18,113,16.67,16.670000,115595.478123,96323.480561,2630976594595304339,null,0,1,0
19,119,16.67,16.670000,115595.478123,96323.480561,9140009515971322359,null,0,1,0
20,125,16.67,16.670000,115595.478123,96323.480561,8609448594415774881,null,0,1,0
21,8,76.27,76.270000,333809.000000,79213.000000,10181412967155842157,null,1,1,0
22,16,76.27,76.270000,333809.000000,79213.000000,15701238402689927417,null,1,1,0
23,25,76.27,76.270000,333809.000000,79213.000000,14379120582521013325,null,1,1,0
24,33,76.27,76.270000,333809.000000,79213.000000,15400170541153074414,null,1,1,0
25,41,76.27,76.270000,333809.000000,79213.000000,4232096971402212362,null,1,1,0
26,49,76.27,76.270000,333809.000000,79213.000000,2677534278454535587,null,1,1,0
27,57,76.27,76.270000,333809.000000,79213.000000,8820102831170944809,null,1,1,0
28,65,76.27,76.270000,333809.000000,79213.200000,5265240476782693937,null,1,1,0
29,73,76.27,76.270000,333809.000000,79213.000000,14435325477713141614,null,1,1,0
30,81,76.27,76.270000,333809.000000,79213.000000,15539320646532976209,null,1,1,0
31,89,76.27,76.270000,333809.000000,79213.000000,8716966473693710162,null,1,1,0
32,97,76.27,76.270000,333809.000000,79213.000000,418392673060206212,null,1,1,0
33,103,25.02,25.020000,128407.000000,96282.400000,14713987817582149906,null,1,1,0
34,110,25.01,25.010000,128405.000000,96285.300000,7420874933214969189,null,1,1,0
35,116,68.07,68.070000,301704.000000,96341.800000,7156597412631195923,null,1,1,0
36,123,25.01,25.010000,128405.000000,96285.300000,11244318550087655574,null,1,1,0
37,129,25.01,25.010000,128405.000000,96285.300000,5536152626913517854,null,1,1,0
38,136,25,25.000000,128375.000000,96285.200000,2896677838777244362,null,1,1,0
39,142,25.02,25.020000,128407.000000,96285.200000,11722168115557972764,null,1,1,0
40,148,25,25.000000,128375.000000,96285.200000,9150625891496740516,null,1,1,0
41,7,40.01,40.010000,160484.000000,96278.600000,5328769442729544913,null,2,1,0
42,14,40.01,40.010000,160484.000000,96278.600000,14553095605315036873,null,2,1,0
43,22,76.27,76.270000,333809.000000,79213.000000,7421587678199919810,null,2,1,0
44,28,25.04,25.040000,128457.000000,96296.500000,6204116885726757485,null,2,1,0
45,35,25.04,25.040000,128457.000000,96296.500000,8934360928905396335,null,2,1,0
46,42,68.75,68.750000,308157.000000,96311.100000,12471258288003298941,null,2,1,0
47,49,40.01,40.010000,160499.000000,96278.600000,9601144288327593423,null,2,1,0
48,56,25.05,25.050000,128457.000000,96278.800000,8650178983920939151,null,2,1,0
49,62,25.04,25.040000,128457.000000,96296.500000,10148190401883097238,null,2,1,0
50,68,70,70.000000,320985.000000,96291.300000,10828923465851549937,null,2,1,0
51,75,42.29,42.290000,166871.000000,96304.800000,16269809993187730511,null,2,1,0
52,82,67.39,67.390000,295329.000000,96318.000000,15303253621863368712,null,2,1,0
53,88,37.51,37.510000,154119.000000,96307.600000,6903948639297478792,null,2,1,0
54,94,25.04,25.040000,128457.000000,96296.500000,11489490297384179165,null,2,1,0
55,101,37.51,37.510000,154086.000000,96285.700000,10442540568123322244,null,2,1,0
56,108,34.8,34.800000,147659.000000,96278.700000,11162176516159371022,null,2,1,0
57,115,25.04,25.040000,128457.000000,96291.000000,7964755987347099916,null,2,1,0
58,121,25.04,25.040000,128457.000000,96296.500000,12279104802296975144,null,2,1,0
59,127,25.04,25.040000,128457.000000,96296.500000,16991486250510009499,null,2,1,0
60,134,25.04,25.040000,128457.000000,96296.500000,10337399053255872114,null,2,1,0
61,8,76.27,76.270000,333809.000000,79213.000000,18383153564454345739,null,3,1,0
62,17,76.27,76.270000,333809.000000,79213.000000,11260760150144786401,null,3,1,0
63,24,76.27,76.270000,333809.000000,79213.200000,1541174617708339698,null,3,1,0
64,33,76.27,76.270000,333809.000000,79213.000000,7791898192818296910,null,3,1,0
65,42,76.27,76.270000,333809.000000,79213.000000,11812607022794524339,null,3,1,0
66,48,21.09,21.090000,122001.000000,96273.600000,2140396860884249444,null,3,1,0
67,54,70,70.000000,320985.000000,96281.600000,11788239409147636182,null,3,1,0
68,61,21.08,21.080000,122001.000000,96288.100000,12630008603315699830,null,3,1,0
69,67,21.07,21.070000,122001.000000,96292.400000,17315960902147330478,null,3,1,0
70,74,21.06,21.060000,122001.000000,96305.500000,2351381262156381173,null,3,1,0
71,80,25.04,25.040000,128457.000000,96285.800000,14380416238281654839,null,3,1,0
72,86,70,70.000000,320985.000000,96282.700000,4562996734538006870,null,3,1,0
73,93,21.06,21.060000,122001.000000,96305.500000,3222613666889218830,null,3,1,0
74,99,21.06,21.060000,122001.000000,96305.500000,17103453833459079849,null,3,1,0
75,108,76.27,76.270000,333809.000000,79213.000000,16198281049370373448,null,3,1,0
76,114,21.06,21.060000,122001.000000,96305.500000,8747492836123146138,null,3,1,0
77,121,25.01,25.010000,128392.000000,96285.300000,6167325974400268770,null,3,1,0
78,127,25.03,25.030000,128457.000000,96305.100000,7061337027449612957,null,3,1,0
79,133,70,70.000000,320985.000000,96285.900000,3901791348460986563,null,3,1,0
80,139,21.06,21.060000,122001.000000,96305.500000,14955896331738308469,null,3,1,0
81,6,65.91,65.910000,282485.000000,96303.800000,11452627603801817331,null,4,1,0
82,12,21.06,21.060000,122001.000000,96307.800000,2820267466446655850,null,4,1,0
83,18,68.75,68.750000,308138.000000,96287.800000,8560389167185990272,null,4,1,0
84,24,21.06,21.060000,122001.000000,96307.800000,18104793247639927904,null,4,1,0
85,31,21.06,21.060000,122001.000000,96309.400000,12720128397417872363,null,4,1,0
86,37,21.06,21.060000,122001.000000,96307.800000,8741952826509458603,null,4,1,0
87,43,21.05,21.050000,122001.000000,96323.900000,3405468021288065158,null,4,1,0
88,49,67.39,67.390000,295292.000000,96303.800000,5460203522263563396,null,4,1,0
89,56,68.08,68.080000,301729.000000,96297.800000,1054146345361447362,null,4,1,0
90,62,69.39,69.390000,314561.000000,96292.900000,15934889753671987441,null,4,1,0
91,68,21.05,21.050000,122001.000000,96323.900000,6354778569889281315,null,4,1,0
92,74,21.06,21.060000,122001.000000,96307.800000,4880718429019240343,null,4,1,0
93,80,21.05,21.050000,122001.000000,96322.400000,14145706673142827265,null,4,1,0
94,87,69.38,69.380000,314545.000000,96319.700000,11088909242548178504,null,4,1,0
95,93,70.59,70.590000,327363.000000,96282.200000,8523496058423113719,null,4,1,0
96,99,21.06,21.060000,122001.000000,96310.800000,12193594596246011726,null,4,1,0
97,105,21.05,21.050000,122001.000000,96323.900000,5482176874438759359,null,4,1,0
98,111,21,21.000000,122001.000000,96386.200000,9950662388883072426,null,4,1,0
99,117,69.39,69.390000,314553.000000,96293.200000,7681032877413853110,null,4,1,0
100,126,76.27,76.270000,333809.000000,79213.000000,7593810298221430266,null,4,1,0
101,6,67.4,67.400000,295337.000000,96285.100000,5308573346948479679,null,5,1,0
102,12,69.38,69.380000,314557.000000,96301.900000,7750382160576764965,null,5,1,0
103,19,67.4,67.400000,295337.000000,96285.100000,3562791023051483837,null,5,1,0
104,25,67.4,67.400000,295337.000000,96285.100000,16451162979027907465,null,5,1,0
105,32,40,40.000000,160481.000000,96287.900000,858562871030940807,null,5,1,0
106,39,40,40.000000,160481.000000,96287.900000,12951422548258265425,null,5,1,0
107,45,40,40.000000,160481.000000,96287.900000,7019018987878085225,null,5,1,0
108,52,70.01,70.010000,320980.000000,96277.300000,6133756618092589852,null,5,1,0
109,58,40,40.000000,160481.000000,96287.900000,7649516967039103566,null,5,1,0
110,65,40,40.000000,160481.000000,96287.900000,10177090640286316906,null,5,1,0
111,72,40,40.000000,160481.000000,96287.900000,7776540682544727943,null,5,1,0
112,79,25,25.000000,128375.000000,96285.200000,11233152434242096385,null,5,1,0
113,85,68.75,68.750000,308129.000000,96286.500000,12720371540654890149,null,5,1,0
114,91,68.75,68.750000,308129.000000,96286.500000,4020921234480634801,null,5,1,0
115,98,25,25.000000,128375.000000,96285.200000,9891332815396204805,null,5,1,0
116,105,25.01,25.010000,128392.000000,96285.300000,16127578167575471318,null,5,1,0
117,112,25,25.000000,128375.000000,96285.200000,12614115283386462947,null,5,1,0
118,118,69.39,69.390000,314547.000000,96292.000000,10428934277636105555,null,5,1,0
119,125,25,25.000000,128375.000000,96285.200000,5810265372983261103,null,5,1,0
120,131,25,25.000000,128375.000000,96285.200000,4985654785868285290,null,5,1,0
121,6,70,70.000000,320981.000000,96284.900000,5028659353213866218,null,6,1,0
122,12,70,70.000000,320981.000000,96284.900000,9756765782329387011,null,6,1,0
123,19,21.03,21.030000,122001.000000,96348.000000,8575714252672085570,null,6,1,0
124,25,21.03,21.030000,122001.000000,96344.700000,18326797849074546022,null,6,1,0
125,32,21.08,21.080000,122001.000000,96287.200000,13771906938832547832,null,6,1,0
126,38,21.06,21.060000,122001.000000,96308.300000,15258167556089297131,null,6,1,0
127,44,69.39,69.390000,314562.000000,96278.300000,4901977944932267189,null,6,1,0
128,50,21.03,21.030000,122001.000000,96348.000000,9359085105587043872,null,6,1,0
129,57,59.46,59.460000,237468.000000,96272.800000,15968115974049099220,null,6,1,0
130,63,21.06,21.060000,122001.000000,96307.800000,10568552361077418793,null,6,1,0
131,70,59.46,59.460000,237468.000000,96272.800000,7081722465207229413,null,6,1,0
132,76,25,25.000000,128375.000000,96285.200000,9698237191166448965,null,6,1,0
133,83,21.07,21.070000,122000.000000,96294.300000,10441427918693210754,null,6,1,0
134,89,21.03,21.030000,122001.000000,96348.000000,18375597240097077269,null,6,1,0
135,95,21.06,21.060000,122001.000000,96307.800000,17020721835360829564,null,6,1,0
136,102,21.03,21.030000,122001.000000,96339.800000,4378167616333414051,null,6,1,0
137,108,25.03,25.030000,128457.000000,96305.200000,15883818972693628422,null,6,1,0
138,116,76.27,76.270000,333809.000000,79213.000000,12074928133500018589,null,6,1,0
139,123,21.03,21.030000,122001.000000,96348.000000,6879633086942477277,null,6,1,0
140,129,68.75,68.750000,308154.000000,96286.500000,8386783878848041667,null,6,1,0
141,7,29.79,29.790000,134876.000000,94697.800000,16807451813999376799,null,7,1,0
142,14,29.79,29.790000,134876.000000,94697.800000,5992035423022424157,null,7,1,0
143,20,16.71,16.710000,115594.000000,96282.300000,3134976365092435313,null,7,1,0
144,27,25.05,25.050000,128454.000000,96279.500000,9163388528965084907,null,7,1,0
145,34,16.71,16.710000,115594.000000,96282.300000,3996366561128484615,null,7,1,0
146,40,16.71,16.710000,115594.000000,96282.300000,6564959618794404710,null,7,1,0
147,47,16.71,16.710000,115594.000000,96282.300000,11465823505495395493,null,7,1,0
148,53,16.71,16.710000,115594.000000,96282.300000,17227077178412715099,null,7,1,0
149,60,16.71,16.710000,115594.000000,96282.300000,16636125293440814564,null,7,1,0
150,67,46.42,46.420000,179717.000000,96291.200000,11216677299644765489,null,7,1,0
151,73,16.71,16.710000,115594.000000,96282.300000,18207513461448981624,null,7,1,0
152,80,45.93,45.930000,166959.000000,90274.000000,14628856611575307310,null,7,1,0
153,86,16.71,16.710000,115594.000000,96282.300000,6833155783979244342,null,7,1,0
154,93,25.05,25.050000,128454.000000,96279.500000,9678075133041446409,null,7,1,0
155,99,16.71,16.710000,115594.000000,96282.300000,1134828590191393291,null,7,1,0
156,106,16.71,16.710000,115594.000000,96282.300000,10461835868544168002,null,7,1,0
157,114,76.27,76.270000,333809.000000,79213.000000,10278143180980880653,null,7,1,0
158,121,46.44,46.440000,179738.000000,96262.200000,8518169355322103608,null,7,1,0
159,127,21.07,21.070000,122009.000000,96302.200000,16457256980612192796,null,7,1,0
160,133,40.02,40.020000,160508.000000,96280.200000,1427451532872993782,null,7,1,0
161,6,28.59,28.590000,134838.000000,96290.400000,345935305892243483,null,8,1,0
162,13,66.67,66.670000,288878.000000,96282.500000,1182172169386481071,null,8,1,0
163,19,28.59,28.590000,134838.000000,96290.400000,5078467994914237554,null,8,1,0
164,26,28.59,28.590000,134838.000000,96290.400000,13442168597873960419,null,8,1,0
165,33,70.01,70.010000,320964.000000,96269.900000,14271469905928391795,null,8,1,0
166,40,11.82,11.820000,109199.000000,96293.900000,4769247290646825484,null,8,1,0
167,46,11.82,11.820000,109199.000000,96293.900000,17141380770531144579,null,8,1,0
168,52,11.82,11.820000,109199.000000,96293.900000,7229131302520693261,null,8,1,0
169,59,11.82,11.820000,109199.000000,96293.900000,889717570677415111,null,8,1,0
170,65,16.66,16.660000,115567.000000,96311.700000,4941627802699766322,null,8,1,0
171,71,25.05,25.050000,128484.000000,96302.300000,13999988523894398805,null,8,1,0
172,78,11.82,11.820000,109199.000000,96293.900000,12605257496280695536,null,8,1,0
173,84,11.82,11.820000,109199.000000,96293.900000,1359609203529637791,null,8,1,0
174,91,25.05,25.050000,128454.000000,96279.500000,10387646051531681298,null,8,1,0
175,97,69.34,69.340000,314503.000000,96432.700000,1033572808680563473,null,8,1,0
176,104,11.82,11.820000,109199.000000,96293.900000,16285546837851442646,null,8,1,0
177,110,69.38,69.380000,314572.000000,96309.300000,9779434266850679388,null,8,1,0
178,116,11.82,11.820000,109199.000000,96293.900000,17218445955316284710,null,8,1,0
179,122,25.05,25.050000,128484.000000,96302.300000,5874389310500322196,null,8,1,0
180,128,16.7,16.700000,115593.000000,96283.900000,12613290065380194906,null,8,1,0
181,6,67.39,67.390000,295305.000000,96286.700000,1934527173688119730,null,9,1,0
182,12,67.39,67.390000,295305.000000,96286.700000,13066968156463754483,null,9,1,0
183,18,68.74,68.740000,308125.000000,96311.500000,2646859125447836458,null,9,1,0
184,25,67.39,67.390000,295305.000000,96286.900000,3846592161862959265,null,9,1,0
185,31,67.39,67.390000,295305.000000,96286.700000,4393719449022465892,null,9,1,0
186,37,69.38,69.380000,314531.000000,96301.900000,10835455136013324690,null,9,1,0
187,43,69.39,69.390000,314554.000000,96291.700000,3543612810004627658,null,9,1,0
188,50,67.39,67.390000,295305.000000,96286.700000,1414943314245559713,null,9,1,0
189,56,68.75,68.750000,308148.000000,96290.600000,8510783219056212543,null,9,1,0
190,62,67.39,67.390000,295305.000000,96286.700000,4586952358397812014,null,9,1,0
191,69,67.39,67.390000,295305.000000,96286.700000,2857416705679481878,null,9,1,0
192,75,67.39,67.390000,295305.000000,96286.700000,14809512389572039452,null,9,1,0
193,81,67.39,67.390000,295305.000000,96286.700000,15809337399437575144,null,9,1,0
194,87,68.75,68.750000,308145.000000,96295.300000,14777535352564843140,null,9,1,0
195,94,65.91,65.910000,282485.000000,96303.800000,11075045452110016581,null,9,1,0
196,100,65.91,65.910000,282485.000000,96303.800000,1416080396226661658,null,9,1,0
197,106,65.91,65.910000,282485.000000,96303.800000,2855336647700763004,null,9,1,0
198,112,67.39,67.390000,295315.000000,96307.800000,3979625434326765527,null,9,1,0
199,119,21.05,21.050000,122001.000000,96325.500000,12882990265886077779,null,9,1,0
200,125,68.75,68.750000,308112.000000,96285.000000,17368227687623845137,null,9,1,0
201,6,68.75,68.750000,308134.000000,96283.900000,8823319268365343239,null,10,1,0
202,12,68.75,68.750000,308134.000000,96283.900000,10479992245457027897,null,10,1,0
203,18,69.38,69.380000,314521.000000,96295.200000,7672514382225575788,null,10,1,0
204,24,68.75,68.750000,308137.000000,96291.500000,9868795769959665108,null,10,1,0
205,30,68.75,68.750000,308134.000000,96283.900000,1896626366543207032,null,10,1,0
206,36,31.86,31.860000,141319.000000,96292.700000,12606869275708790961,null,10,1,0
207,43,67.4,67.400000,295328.000000,96266.000000,15650188458710034748,null,10,1,0
208,49,68.75,68.750000,308134.000000,96292.600000,10058818974623063628,null,10,1,0
209,55,69.39,69.390000,314562.000000,96288.900000,12737363971181537749,null,10,1,0
210,61,68.76,68.760000,308134.000000,96273.100000,12180556459975286533,null,10,1,0
211,68,69.38,69.380000,314521.000000,96295.200000,10515346617052882924,null,10,1,0
212,75,42.31,42.310000,166878.000000,96276.100000,5152387729157573592,null,10,1,0
213,84,42.32,42.320000,166938.000000,96283.900000,9601638005156357003,null,10,1,0
214,90,31.86,31.860000,141319.000000,96292.700000,11152690507698571157,null,10,1,0
215,96,42.32,42.320000,166903.000000,96277.900000,267865764760794385,null,10,1,0
216,102,68.75,68.750000,308134.000000,96298.000000,6052147994359059936,null,10,1,0
217,109,31.86,31.860000,141319.000000,96292.700000,2778113891278932359,null,10,1,0
218,115,31.86,31.860000,141319.000000,96292.700000,10075417103261189820,null,10,1,0
219,123,68.75,68.750000,308145.000000,96298.600000,16527216725094589742,null,10,1,0
220,129,31.86,31.860000,141319.000000,96292.700000,12158861589541544851,null,10,1,0
221,8,76.27,76.270000,333809.000000,79213.000000,6859222289222381167,null,11,1,0
222,14,37.5,37.500000,154058.000000,96280.900000,2886616437890511895,null,11,1,0
223,21,45.36,45.360000,173297.000000,94692.100000,10972734446332913160,null,11,1,0
224,28,37.5,37.500000,154058.000000,96281.000000,6905791367639899571,null,11,1,0
225,35,37.5,37.500000,154058.000000,96280.900000,3898692391581750436,null,11,1,0
226,42,37.5,37.500000,154058.000000,96280.900000,5394727716333072827,null,11,1,0
227,48,37.5,37.500000,154058.000000,96280.900000,4171071265765891946,null,11,1,0
228,55,37.5,37.500000,154058.000000,96280.900000,3403457598600913266,null,11,1,0
229,62,42.31,42.310000,166897.000000,96279.400000,14451955253643072936,null,11,1,0
230,69,21.09,21.090000,122009.000000,96283.100000,15493676700342845372,null,11,1,0
231,76,21.09,21.090000,122009.000000,96283.100000,8179917446757982108,null,11,1,0
232,82,21.09,21.090000,122009.000000,96283.100000,7727879607543858571,null,11,1,0
233,89,25.05,25.050000,128446.000000,96264.000000,5512603364650332669,null,11,1,0
234,96,25.02,25.020000,128407.000000,96282.400000,12282556017155284894,null,11,1,0
235,102,21.09,21.090000,122009.000000,96283.100000,7328574298558633694,null,11,1,0
236,109,21.15,21.150000,122082.000000,96262.400000,12847311039325418486,null,11,1,0
237,116,42.3,42.300000,166868.000000,96283.100000,1726820689083721561,null,11,1,0
238,123,31.84,31.840000,141250.000000,96283.100000,592882034120174167,null,11,1,0
239,129,21.09,21.090000,122009.000000,96283.100000,8712865792351463993,null,11,1,0
240,136,21.09,21.090000,122009.000000,96283.100000,6799977458381828647,null,11,1,0
241,6,24.98,24.980000,128525.000000,96415.900000,9334816858139123997,null,12,1,0
242,12,69.36,69.360000,314586.000000,96397.600000,7577818833627701230,null,12,1,0
243,18,69.37,69.370000,314535.000000,96337.700000,13554000079064090356,null,12,1,0
244,24,31.76,31.760000,141285.000000,96415.800000,8753617613938229049,null,12,1,0
245,30,24.98,24.980000,128525.000000,96415.900000,10038159816863766360,null,12,1,0
246,36,24.98,24.980000,128525.000000,96415.900000,156821502202729882,null,12,1,0
247,43,37.46,37.460000,154158.000000,96415.800000,16620400671652685923,null,12,1,0
248,49,70.55,70.550000,327396.000000,96415.800000,10303549730005305332,null,12,1,0
249,55,24.98,24.980000,128525.000000,96415.900000,1385228628173027327,null,12,1,0
250,61,70.55,70.550000,327396.000000,96415.800000,3390590575720488487,null,12,1,0
251,67,24.98,24.980000,128525.000000,96415.900000,4811654761548245663,null,12,1,0
252,73,24.98,24.980000,128525.000000,96415.900000,15921010606182248149,null,12,1,0
253,79,31.86,31.860000,141306.000000,96290.400000,13194370656533962771,null,12,1,0
254,85,31.86,31.860000,141306.000000,96290.400000,16638146427930281857,null,12,1,0
255,93,76.27,76.270000,333809.000000,79213.000000,15464988565219676213,null,12,1,0
256,99,24.98,24.980000,128525.000000,96415.900000,14639017612510254394,null,12,1,0
257,105,69.35,69.350000,314535.000000,96398.200000,16253890822611264537,null,12,1,0
258,111,24.98,24.980000,128525.000000,96415.900000,7310098769485149206,null,12,1,0
259,117,33.57,33.570000,141278.000000,93850.400000,5280328669836816687,null,12,1,0
260,123,68.09,68.090000,301726.000000,96292.600000,9582703418252896642,null,12,1,0
261,6,40.02,40.020000,160508.000000,96280.200000,8660180003834618838,null,13,1,0
262,13,40.02,40.020000,160508.000000,96280.200000,6515483252752443686,null,13,1,0
263,20,76.27,76.270000,333809.000000,79213.000000,13127841926484732145,null,13,1,0
264,27,21.11,21.110000,122053.000000,96289.400000,7900274617214135645,null,13,1,0
265,34,76.27,76.270000,333809.000000,79213.000000,897603364806214049,null,13,1,0
266,41,21.11,21.110000,122053.000000,96289.400000,416240879643926928,null,13,1,0
267,47,21.11,21.110000,122053.000000,96289.400000,3945522302075408341,null,13,1,0
268,53,67.39,67.390000,295292.000000,96303.800000,17343815816157852482,null,13,1,0
269,59,21.11,21.110000,122053.000000,96289.400000,15106685604423245325,null,13,1,0
270,66,21.11,21.110000,122053.000000,96289.400000,10436168140499886619,null,13,1,0
271,72,21.11,21.110000,122053.000000,96289.400000,8381428413029985639,null,13,1,0
272,78,36.19,36.190000,141265.000000,90146.900000,9086604187880226260,null,13,1,0
273,85,21.07,21.070000,121994.000000,96289.400000,12628177329913343937,null,13,1,0
274,91,21.07,21.070000,121994.000000,96289.400000,12629860402628940309,null,13,1,0
275,97,11.8,11.800000,109186.000000,96297.600000,3744984947376842411,null,13,1,0
276,104,25.04,25.040000,128445.000000,96287.500000,1047784789649036725,null,13,1,0
277,110,11.8,11.800000,109186.000000,96297.600000,1303581285547115538,null,13,1,0
278,116,11.8,11.800000,109186.000000,96297.600000,1590000167990720497,null,13,1,0
279,122,11.8,11.800000,109186.000000,96297.600000,2517261145245701415,null,13,1,0
280,128,34.79,34.790000,147636.000000,96279.200000,277283397059533012,null,13,1,0
281,6,67.39,67.390000,295305.000000,96286.700000,4242615151224401967,null,14,1,0
282,12,70.01,70.010000,320966.000000,96266.000000,1322022465357816145,null,14,1,0
283,18,67.39,67.390000,295305.000000,96286.700000,3693872378263694439,null,14,1,0
284,24,67.39,67.390000,295305.000000,96286.700000,1104295412645824751,null,14,1,0
285,30,67.39,67.390000,295305.000000,96286.700000,10886098917017058241,null,14,1,0
286,36,67.39,67.390000,295305.000000,96286.700000,12184892885105194900,null,14,1,0
287,42,68.75,68.750000,308148.000000,96290.600000,8799661529339312667,null,14,1,0
288,48,72.77,72.770000,333794.000000,90890.000000,4784707092998766404,null,14,1,0
289,54,65.91,65.910000,282485.000000,96303.800000,705982577079207235,null,14,1,0
290,60,65.91,65.910000,282485.000000,96303.800000,14734377295493646776,null,14,1,0
291,66,28.62,28.620000,134890.000000,96284.100000,13431241873768768294,null,14,1,0
292,72,28.62,28.620000,134890.000000,96284.100000,9786531332826581999,null,14,1,0
293,78,28.62,28.620000,134890.000000,96284.100000,13963004655945830270,null,14,1,0
294,84,70,70.000000,320979.000000,96291.700000,13533048757277031571,null,14,1,0
295,90,28.62,28.620000,134890.000000,96284.100000,13506243568401496008,null,14,1,0
296,96,28.62,28.620000,134890.000000,96284.100000,15304099848508928024,null,14,1,0
297,102,28.62,28.620000,134890.000000,96284.100000,10017980927434696239,null,14,1,0
298,108,28.62,28.620000,134890.000000,96284.100000,9852746857410707306,null,14,1,0
299,114,28.62,28.620000,134890.000000,96284.100000,17945867837853819254,null,14,1,0
300,120,69.37,69.370000,314553.000000,96350.400000,12043277697653074189,null,14,1,0
301,8,76.27,76.270000,333809.000000,79213.000000,1546825161090536560,null,15,1,0
302,16,76.27,76.270000,333809.000000,79213.000000,13772121277408344976,null,15,1,0
303,24,76.27,76.270000,333809.000000,79213.000000,11441722538089768314,null,15,1,0
304,33,76.27,76.270000,333809.000000,79213.000000,8780252772857538970,null,15,1,0
305,41,76.27,76.270000,333809.000000,79213.000000,14510138164162195686,null,15,1,0
306,49,76.27,76.270000,333809.000000,79213.000000,16282446206276485036,null,15,1,0
307,57,76.27,76.270000,333809.000000,79213.000000,11945903700612199714,null,15,1,0
308,64,31.79,31.790000,141251.000000,96347.500000,12559867396381019902,null,15,1,0
309,70,34.81,34.810000,147773.000000,96334.100000,10869565644355947414,null,15,1,0
310,76,39.98,39.980000,160539.000000,96347.500000,109657419123672696,null,15,1,0
311,82,31.81,31.810000,141251.000000,96313.000000,16613416454740204335,null,15,1,0
312,88,68.74,68.740000,308141.000000,96339.100000,2948741718861358490,null,15,1,0
313,94,68.75,68.750000,308141.000000,96281.600000,11510737703296021540,null,15,1,0
314,100,31.79,31.790000,141251.000000,96347.500000,10989156720604908024,null,15,1,0
315,106,31.79,31.790000,141251.000000,96347.500000,1574801030339913004,null,15,1,0
316,113,42.3,42.300000,166908.000000,96297.900000,12439453953360275961,null,15,1,0
317,119,31.79,31.790000,141251.000000,96347.500000,9592131928545746640,null,15,1,0
318,125,31.79,31.790000,141261.000000,96347.500000,6276909790745185008,null,15,1,0
319,131,21.03,21.030000,122008.000000,96347.500000,1832698397340253163,null,15,1,0
320,137,21.07,21.070000,122001.000000,96292.600000,13587181402092846127,null,15,1,0
321,155,21.6,21.600000,122008.655296,95649.485994,8894567559040577376,null,0,1,1
322,161,25.04,25.040000,128446.437160,96284.939549,2818093008121544955,null,0,1,1
323,169,51.61,51.610000,198989.538287,96281.416984,7935019312737959012,null,0,1,1
324,175,67.39,67.390000,295269.884886,96278.619474,16694655452627746512,null,0,1,1
325,154,11.8,11.800000,109185.899972,96297.595491,13433130867521733927,null,1,1,1
326,161,11.8,11.800000,109185.899972,96297.595491,4667752436947126476,null,1,1,1
327,168,11.8,11.800000,109185.899972,96297.595491,12698202884706462995,null,1,1,1
328,175,11.8,11.800000,109185.899972,96297.595491,10299810916936175526,null,1,1,1
329,155,40.01,40.010000,160510.073426,96297.587426,16363275062585749663,null,2,1,1
330,162,40,40.000000,160509.105593,96297.587426,10599672327442934222,null,2,1,1
331,169,40,40.000000,160509.105593,96297.587426,14474335105973313730,null,2,1,1
332,175,40,40.000000,160509.105593,96297.587426,13058329553270086041,null,2,1,1
333,154,11.8,11.800000,109185.899972,96297.595491,12271702597850757055,null,3,1,1
334,162,46.43,46.430000,179759.549935,96297.585829,6855839091650738924,null,3,1,1
335,168,11.8,11.800000,109185.899972,96297.595491,9425654264803047412,null,3,1,1
336,175,11.8,11.800000,109185.899972,96297.595491,9784042570398495615,null,3,1,1
337,154,11.8,11.800000,109185.899972,96297.595491,4755709731419175883,null,4,1,1
338,161,11.8,11.800000,109185.899972,96297.595491,10889449776382425367,null,4,1,1
339,168,11.8,11.800000,109185.899972,96297.595491,15306176076793057802,null,4,1,1
340,176,55.88,55.880000,218252.050004,96285.460859,2696005898912699858,null,4,1,1
341,155,44.44,44.440000,173293.054755,96286.455982,14701396162260896992,null,5,1,1
342,162,44.44,44.440000,173293.054755,96286.455982,14694637007049394362,null,5,1,1
343,169,44.44,44.440000,173293.054755,96286.455982,643249273279914460,null,5,1,1
344,176,44.44,44.440000,173293.054755,96286.455982,6689232167019377342,null,5,1,1
345,155,44.44,44.440000,173293.054755,96286.455982,1592795965118268576,null,6,1,1
346,162,44.44,44.440000,173293.054755,96286.455982,11906598920631828037,null,6,1,1
347,169,44.44,44.440000,173293.054755,96286.455982,17467011014232878552,null,6,1,1
348,155,44.44,44.440000,173293.054755,96286.455982,9211035767743278855,null,7,1,1
349,162,44.44,44.440000,173293.054755,96286.455982,17756380050552113251,null,7,1,1
350,169,44.44,44.440000,173293.054755,96286.455982,15011751907963303358,null,7,1,1
351,155,44.44,44.440000,173293.054755,96286.455982,7619153458194053836,null,8,1,1
352,162,11.8,11.800000,109180.953910,96297.595491,7323957683837787625,null,8,1,1
353,169,11.8,11.800000,109180.953910,96297.595491,1116022210712634837,null,8,1,1
354,155,11.8,11.800000,109180.953910,96297.595491,13317110096722223162,null,9,1,1
355,162,11.8,11.800000,109180.953910,96297.595491,13566786781924417256,null,9,1,1
356,169,11.8,11.800000,109180.953910,96297.595491,12531103419651773184,null,9,1,1
357,155,11.8,11.800000,109180.953910,96297.595491,16341635024599668589,null,10,1,1
358,162,11.8,11.800000,109180.953910,96297.595491,15692474761455886577,null,10,1,1
359,169,11.8,11.800000,109180.953910,96297.595491,5478134163463063049,null,10,1,1
360,154,11.8,11.800000,109185.899972,96297.595491,7426160287634457647,null,11,1,1
361,161,11.8,11.800000,109185.899972,96297.595491,12086902673303469635,null,11,1,1
362,168,11.8,11.800000,109185.899972,96297.595491,9662555731239444664,null,11,1,1
363,154,11.8,11.800000,109185.899972,96297.595491,16003235255317644231,null,12,1,1
364,161,11.8,11.800000,109185.899972,96297.595491,6365711375976148463,null,12,1,1
365,168,11.8,11.800000,109185.899972,96297.595491,7444257435143019034,null,12,1,1
366,154,11.8,11.800000,109185.899972,96297.595491,10082977578985157527,null,13,1,1
367,161,11.8,11.800000,109185.899972,96297.595491,4655585302655611989,null,13,1,1
368,168,11.8,11.800000,109185.899972,96297.595491,6725432393837821634,null,13,1,1
369,154,11.8,11.800000,109185.899972,96297.595491,13562338742936299112,null,14,1,1
370,162,58.68,58.680000,198942.605326,82200.816335,6948350716543369161,null,14,1,1
371,168,11.8,11.800000,109185.899972,96297.595491,13092622043677269040,null,14,1,1
372,154,11.8,11.800000,109185.899972,96297.595491,341741644944935982,null,15,1,1
373,161,11.8,11.800000,109185.899972,96297.595491,3955859029742735616,null,15,1,1
374,168,11.8,11.800000,109185.899972,96297.595491,11903447093827490534,null,15,1,1
375,183,34.79,34.790000,147636.003972,96279.247324,277283397059533012,null,0,2,0
376,189,11.8,11.800000,109185.899972,96297.595491,12321092828578204014,null,0,2,0
377,196,11.8,11.800000,109185.899972,96297.595491,7139727968443621117,null,0,2,0
378,202,21.11,21.110000,122052.978964,96289.358402,7900274617214135645,null,0,2,0
379,208,21.06,21.060000,122000.613069,96312.995757,12646334761926728309,null,0,2,0
380,215,25.04,25.040000,128444.944789,96287.481946,1047784789649036725,null,0,2,0
381,182,11.8,11.800000,109171.000000,96292.200000,3744984947376842410,6,1,2,0
382,189,11.81,11.810000,109171.000000,96281.200000,277283397059533013,6,1,2,0
383,195,11.8,11.800000,109171.000000,96292.200000,16953048960863737790,6,1,2,0
384,202,11.8,11.800000,109171.000000,96292.200000,15881528571007645920,6,1,2,0
385,208,11.8,11.800000,109171.000000,96292.200000,7139727968443621116,6,1,2,0
386,215,11.8,11.800000,109171.000000,96291.700000,16363275062585749648,6,1,2,0
387,182,72.23,72.230000,346657.000000,96268.800000,8082032324483612353,null,2,2,0
388,188,72.23,72.230000,346657.000000,96268.800000,9558951187780384121,null,2,2,0
389,194,72.23,72.230000,346657.000000,96268.800000,17130055666509740169,null,2,2,0
390,201,70.6,70.600000,327387.000000,96267.200000,12275516094096008475,null,2,2,0
391,207,72.74,72.740000,353154.000000,96267.700000,5199360290023497255,null,2,2,0
392,214,69.86,69.860000,320976.000000,96751.500000,15762295158523693517,null,2,2,0
393,182,68.76,68.760000,308145.000000,96271.900000,9841089784935175919,null,3,2,0
394,189,68.76,68.760000,308145.000000,96271.900000,10358578678735511524,null,3,2,0
395,195,68.76,68.760000,308145.000000,96275.000000,9323801896971602559,null,3,2,0
396,202,69.39,69.390000,314571.000000,96279.000000,18004982163822400998,null,3,2,0
397,208,68.76,68.760000,308145.000000,96271.900000,115745753363834338,null,3,2,0
398,214,68.09,68.090000,301714.000000,96280.300000,6713732464548027240,null,3,2,0
399,184,76.27,76.270000,333809.000000,79213.700000,7216130980257078010,null,4,2,0
400,192,76.27,76.270000,333809.000000,79213.700000,12982630121428015574,null,4,2,0
401,200,76.27,76.270000,333809.000000,79213.700000,14672666468696098911,null,4,2,0
402,207,76.27,76.270000,333809.000000,79213.700000,12895252217589285550,null,4,2,0
403,215,76.27,76.270000,333809.000000,79213.700000,6150186053029242268,null,4,2,0
404,223,76.27,76.270000,333809.000000,79213.000000,2302799706031622640,null,4,2,0
405,182,71.16,71.160000,333794.000000,96280.500000,11594461134540784168,null,5,2,0
406,189,70,70.000000,320973.000000,96280.000000,11483111485016875606,null,5,2,0
407,195,70.01,70.010000,320973.000000,96270.700000,1799273315615310621,null,5,2,0
408,201,70,70.000000,320973.000000,96292.000000,6691541444436718461,null,5,2,0
409,207,34.78,34.780000,147653.000000,96303.400000,13606635507185161046,null,5,2,0
410,213,28.58,28.580000,134839.000000,96302.500000,7097565501053672756,null,5,2,0
411,183,31.84,31.840000,141259.000000,96282.500000,14457024335055100331,null,6,2,0
412,190,69.99,69.990000,320985.000000,96325.200000,4030505139732800884,null,6,2,0
413,196,31.84,31.840000,141259.000000,96282.500000,676073235690723739,null,6,2,0
414,203,70.62,70.620000,340360.000000,99981.200000,2359476599275726050,null,6,2,0
415,209,70.01,70.010000,321035.000000,96279.900000,10024749025872028823,null,6,2,0
416,216,31.84,31.840000,141259.000000,96282.500000,7805448314981336018,null,6,2,0
417,182,68.74,68.740000,308090.000000,96298.900000,16437404434320253790,null,7,2,0
418,189,68.75,68.750000,308128.000000,96298.900000,10566791865023663814,null,7,2,0
419,194,70.01,70.010000,320959.000000,96262.200000,9770150102114096522,null,7,2,0
420,201,68.75,68.750000,308140.000000,96292.900000,661337348447672597,null,7,2,0
421,207,70,70.000000,320959.000000,96291.500000,11739089133256965550,null,7,2,0
422,213,68.74,68.740000,308090.000000,96298.900000,1174216194773393061,null,7,2,0
423,182,69.39,69.390000,314536.000000,96283.000000,13360756371780889990,null,8,2,0
424,188,69.38,69.380000,314563.000000,96314.800000,6488253362184502811,null,8,2,0
425,193,65.91,65.910000,282440.000000,96278.800000,17531998198096831027,null,8,2,0
426,199,70,70.000000,320970.000000,96277.900000,8481584787927682272,null,8,2,0
427,205,65.91,65.910000,282440.000000,96278.800000,8185790723527682025,null,8,2,0
428,211,65.91,65.910000,282467.000000,96303.200000,5409425019806847417,null,8,2,0
429,183,70,70.000000,320966.000000,96283.800000,1358291048355836504,null,9,2,0
430,189,68.75,68.750000,308126.000000,96299.600000,12725608100525148667,null,9,2,0
431,195,71.15,71.150000,333782.000000,96297.100000,17562076773389663138,null,9,2,0
432,202,68.74,68.740000,308129.000000,96312.800000,11163859094655103336,null,9,2,0
433,208,68.75,68.750000,308129.000000,96302.200000,4912217428871496026,null,9,2,0
434,214,68.74,68.740000,308129.000000,96312.800000,9436937596673674137,null,9,2,0
435,183,69.79,69.790000,308141.000000,93080.400000,12797076511030440018,null,10,2,0
436,190,34.12,34.120000,141279.000000,93080.400000,13462684430344538383,null,10,2,0
437,197,68.09,68.090000,301689.000000,96270.200000,10799377751801098210,null,10,2,0
438,203,25.51,25.510000,122054.000000,90921.700000,3107793792605998078,null,10,2,0
439,210,25.51,25.510000,122054.000000,90921.700000,3306678762381416974,null,10,2,0
440,216,34.49,34.490000,141258.000000,92543.100000,1224518217112657984,null,10,2,0
441,182,70,70.000000,320994.000000,96284.600000,3817131124670311856,null,11,2,0
442,189,70,70.000000,320994.000000,96284.600000,12943540559591829935,null,11,2,0
443,195,63.43,63.430000,263256.000000,96284.900000,10694625485427288869,null,11,2,0
444,201,63.43,63.430000,263256.000000,96284.900000,12183836984566702419,null,11,2,0
445,207,63.43,63.430000,263256.000000,96284.900000,10914716501450899923,null,11,2,0
446,214,69.39,69.390000,314613.000000,96295.300000,3656530652654807930,null,11,2,0
447,182,31.84,31.840000,141297.000000,96305.900000,3055565907961936034,null,12,2,0
448,189,34.8,34.800000,147653.000000,96275.800000,5523763767247310057,null,12,2,0
449,195,31.84,31.840000,141297.000000,96304.800000,1409660496373978167,null,12,2,0
450,201,31.84,31.840000,141297.000000,96304.800000,11426273236988224502,null,12,2,0
451,208,31.84,31.840000,141297.000000,96305.900000,14731069946990506895,null,12,2,0
452,214,31.86,31.860000,141311.000000,96293.000000,4832418184258434892,null,12,2,0
453,182,31.83,31.830000,141227.000000,96270.400000,15702814673104840308,null,13,2,0
454,189,42.31,42.310000,166865.000000,96256.100000,7809441582002878710,null,13,2,0
455,195,31.83,31.830000,141227.000000,96270.400000,4060271215759422890,null,13,2,0
456,201,25.05,25.050000,128446.000000,96264.000000,1225679081778845315,null,13,2,0
457,208,37.52,37.520000,154085.000000,96265.000000,16664269666133475727,null,13,2,0
458,214,25.04,25.040000,128446.000000,96280.900000,5994561048256832137,null,13,2,0
459,182,70,70.000000,320982.000000,96283.000000,3985286054789660541,null,14,2,0
460,189,70,70.000000,320982.000000,96283.000000,169146405862066081,null,14,2,0
461,195,69.39,69.390000,314501.000000,96274.400000,7527449183750149151,null,14,2,0
462,201,69.39,69.390000,314501.000000,96274.400000,14607379996211363956,null,14,2,0
463,207,53.13,53.130000,205420.000000,96282.900000,5865934457951306706,null,14,2,0
464,213,53.18,53.180000,205676.000000,96288.000000,14631634989500947017,null,14,2,0
465,182,71.34,71.340000,327396.000000,93846.100000,14603260107926728285,null,15,2,0
466,189,41.53,41.530000,160493.000000,93840.200000,13960964341293542816,null,15,2,0
467,196,70.68,70.680000,321001.000000,94133.600000,14940245123565398071,null,15,2,0
468,203,70,70.000000,320969.000000,96294.100000,15051754097191423786,null,15,2,0
469,209,71.36,71.360000,333809.000000,95601.300000,15069108123143275259,null,15,2,0
470,215,41.65,41.650000,154046.000000,89886.200000,13830698154302024621,null,15,2,0
471,230,11.8,11.800000,109185.899972,96297.595491,12110903566896625611,null,0,2,1
472,237,11.8,11.800000,109185.899972,96297.595491,12505011976112823220,null,0,2,1
473,244,11.8,11.800000,109185.899972,96297.595491,1970664643746261169,null,0,2,1
474,230,11.8,11.800000,109185.899972,96297.595491,9506883485698776034,null,1,2,1
475,237,11.8,11.800000,109185.899972,96297.595491,5031136874388683387,null,1,2,1
476,248,80.11,80.110000,365999.377597,72793.345255,5797162585779128070,null,1,2,1
477,230,11.8,11.800000,109185.899972,96297.595491,9994574819083333637,null,2,2,1
478,238,11.8,11.800000,109185.899972,96297.595491,3148003495598448005,null,2,2,1
479,244,11.8,11.800000,109185.899972,96297.595491,4412709918286602503,null,2,2,1
480,230,11.8,11.800000,109185.899972,96297.595491,11601685739143018774,null,3,2,1
481,237,11.8,11.800000,109185.899972,96297.595491,2376562546478491171,null,3,2,1
482,244,11.8,11.800000,109185.899972,96297.595491,2775983054488842505,null,3,2,1
483,230,11.8,11.800000,109185.899972,96297.595491,12727868773132196623,null,4,2,1
484,238,40,40.000000,160482.222015,96291.659729,16629451436671860382,null,4,2,1
485,244,11.8,11.800000,109185.899972,96297.595491,8693128562101804487,null,4,2,1
486,231,1.79769e+308,,,96312.860662,9302887439168361674,null,5,2,1
487,238,25.01,25.010000,128409.813129,96297.585829,9909995889179857307,null,5,2,1
488,230,25.01,25.010000,128409.813129,96297.585829,4308575849974225341,null,6,2,1
489,238,25.01,25.010000,128409.813129,96297.585829,6899947835499094204,null,6,2,1
490,230,25.01,25.010000,128409.813129,96297.585829,10932493078890076582,null,7,2,1
491,238,25.01,25.010000,128409.813129,96297.585829,16661433420096180723,null,7,2,1
492,229,70,70.000000,320943.026298,96287.063552,13917716259616741125,null,8,2,1
493,238,39.56,39.560000,154068.613333,93111.858802,17081822980106678427,null,8,2,1
494,230,53.14,53.140000,205497.832177,96290.738320,3055278757231833162,null,9,2,1
495,237,68.08,68.080000,301686.979782,96294.335686,2970767024962540230,null,9,2,1
496,229,65.91,65.910000,282465.627744,96294.731464,1631207363313646791,null,10,2,1
497,237,11.8,11.800000,109185.899972,96297.595491,9568780752057109269,null,10,2,1
498,231,70.66,70.660000,320985.264882,94173.272480,7026680294625288631,null,11,2,1
499,237,11.8,11.800000,109185.899972,96297.595491,6585865646986163974,null,11,2,1
500,229,72.1,72.100000,333808.801002,93117.186362,8740527971614604048,null,12,2,1
501,238,70.99,70.990000,320968.792169,93100.917036,13094516306457252766,null,12,2,1
502,231,76.27,76.270000,333809.066611,79213.034497,9213704074269596740,null,13,2,1
503,238,37.5,37.500000,154075.919955,96291.301264,6486822832317679337,null,13,2,1
504,230,11.8,11.800000,109185.899972,96297.595491,9718452920658881450,null,14,2,1
505,237,68.08,68.080000,301689.169776,96288.073287,5618048148130327044,null,14,2,1
506,230,42.31,42.310000,166899.415750,96288.187000,4502396407576835300,null,15,2,1
507,238,28.59,28.590000,134856.060590,96299.916015,17499161691669770337,null,15,2,1
508,255,72.1,72.100000,333808.801002,93117.186362,8740527971614604048,null,0,3,0
509,261,25.04,25.040000,128444.944789,96287.481946,1047784789649036725,null,0,3,0
510,268,53.15,53.150000,205458.278212,96265.391987,9001104867164006912,null,0,3,0
511,274,40,40.000000,160509.105593,96297.587426,10599672327442934222,null,0,3,0
512,282,76.27,76.270000,333809.066611,79213.034497,9213704074269596740,null,0,3,0
513,255,11.8,11.800000,109171.000000,96290.800000,3744984947376842410,8,1,3,0
514,261,11.8,11.800000,109171.000000,96290.800000,14474335105973313731,8,1,3,0
515,267,11.8,11.800000,109171.000000,96290.800000,10599672327442934223,8,1,3,0
516,273,11.8,11.800000,109171.000000,96290.800000,12271702597850757054,8,1,3,0
517,279,11.8,11.800000,109171.000000,96290.800000,4113496151314085100,8,1,3,0
518,257,73.72,73.720000,333809.000000,87719.100000,3053904593623559684,null,2,3,0
519,262,76.27,76.270000,333809.000000,79213.000000,5645504115065827230,null,2,3,0
520,270,76.27,76.270000,333809.000000,79213.000000,10839509244563613002,null,2,3,0
521,276,70.01,70.010000,320941.000000,96265.300000,15245786469276997131,null,2,3,0
522,281,70.01,70.010000,320941.000000,96265.300000,10371721973031552346,null,2,3,0
523,257,75.95,75.950000,333809.000000,80291.000000,2521906937018963570,null,3,3,0
524,266,75.95,75.950000,333809.000000,80291.000000,9766284051438193564,null,3,3,0
525,275,75.95,75.950000,333809.000000,80291.000000,11069315541381074628,null,3,3,0
526,284,75.95,75.950000,333809.000000,80291.000000,8208903368869492836,null,3,3,0
527,293,75.95,75.950000,333809.000000,80291.000000,13778377765219876046,null,3,3,0
528,255,77.29,77.290000,423860.000000,96252.200000,6111052381277507115,null,4,3,0
529,261,76.21,76.210000,404670.000000,96252.100000,12924664632327651843,null,4,3,0
530,268,76.94,76.940000,417449.000000,96252.100000,13350457205555540761,null,4,3,0
531,274,75.02,75.020000,385391.000000,96252.300000,1005714088757639789,null,4,3,0
532,281,70.02,70.020000,321063.000000,96253.900000,15398495660838177711,null,4,3,0
533,255,79.48,79.480000,469096.000000,96251.600000,3069627791608598083,null,5,3,0
534,261,78.29,78.290000,443286.000000,96252.300000,7774798550341595714,null,5,3,0
535,267,78.29,78.290000,443286.000000,96252.300000,3387272633891982516,null,5,3,0
536,274,70.01,70.010000,320979.000000,96257.500000,16528242014609543766,null,5,3,0
537,281,70.01,70.010000,320979.000000,96257.500000,11079027269701938802,null,5,3,0
538,254,70,70.000000,320973.000000,96279.100000,11755960748616588089,null,6,3,0
539,260,70.59,70.590000,327397.000000,96288.000000,73191947337178936,null,6,3,0
540,267,34.77,34.770000,147653.000000,96315.800000,8787106322594486507,null,6,3,0
541,273,70.01,70.010000,320973.000000,96273.400000,308736348758451728,null,6,3,0
542,279,34.77,34.770000,147653.000000,96315.800000,4074827819941047096,null,6,3,0
543,255,70,70.000000,320981.000000,96283.500000,7785091236853191261,null,7,3,0
544,262,71.16,71.160000,333809.000000,96283.500000,726409878951970062,null,7,3,0
545,268,70,70.000000,320981.000000,96283.500000,7188520616740985337,null,7,3,0
546,275,70,70.000000,320966.000000,96283.500000,11895371660996017510,null,7,3,0
547,281,70,70.000000,320981.000000,96283.500000,5644806642754754849,null,7,3,0
548,255,77.29,77.290000,423846.000000,96252.300000,14626679914839945226,null,8,3,0
549,261,77.29,77.290000,423846.000000,96252.300000,10806176233987868787,null,8,3,0
550,268,77.29,77.290000,423846.000000,96252.300000,1798528687573579938,null,8,3,0
551,274,70.6,70.600000,327451.000000,96265.200000,3133071906078369463,null,8,3,0
552,281,70.6,70.600000,327451.000000,96265.200000,2260683938754611403,null,8,3,0
553,254,80.3,80.300000,488505.000000,96254.100000,5494230833045290417,null,9,3,0
554,260,80.3,80.300000,488505.000000,96254.100000,13042197077645044024,null,9,3,0
555,266,80.3,80.300000,488505.000000,96254.100000,5981467883079791810,null,9,3,0
556,272,80.3,80.300000,488505.000000,96254.100000,4075013288712256699,null,9,3,0
557,277,80.3,80.300000,488505.000000,96254.100000,10652943701823248150,null,9,3,0
558,255,68.76,68.760000,308139.000000,96258.800000,4198037904776789922,null,10,3,0
559,261,68.76,68.760000,308139.000000,96258.800000,6597589674290622164,null,10,3,0
560,267,70.01,70.010000,320969.000000,96268.100000,281784411256719113,null,10,3,0
561,274,70.6,70.600000,327397.000000,96258.800000,17849395311388570005,null,10,3,0
562,280,68.76,68.760000,308147.000000,96258.800000,3012300993117528295,null,10,3,0
563,255,76.27,76.270000,333809.000000,79213.700000,1630620972014946442,null,11,3,0
564,261,76.27,76.270000,333809.000000,79213.700000,6544524904215543433,null,11,3,0
565,267,76.27,76.270000,333809.000000,79213.700000,12870996760833734611,null,11,3,0
566,273,76.27,76.270000,333809.000000,79213.700000,18377479127698515825,null,11,3,0
567,280,76.27,76.270000,333809.000000,79213.700000,4796323364144337531,null,11,3,0
568,254,71.16,71.160000,333809.000000,96285.000000,413785338012012295,null,12,3,0
569,260,71.16,71.160000,333809.000000,96285.000000,8540593557056263019,null,12,3,0
570,267,70.59,70.590000,327366.000000,96284.100000,12972975090889951308,null,12,3,0
571,273,70.59,70.590000,327366.000000,96284.100000,3141152128225008730,null,12,3,0
572,279,70.59,70.590000,327366.000000,96284.100000,5453099679834527330,null,12,3,0
573,255,70.4,70.400000,320985.000000,95017.800000,1595790364898039303,null,13,3,0
574,262,70.28,70.280000,320985.000000,95395.800000,18078020060999141626,null,13,3,0
575,269,76.95,76.950000,417507.000000,96252.500000,951704490690600019,null,13,3,0
576,276,70,70.000000,320968.000000,96279.000000,5090373429840733441,null,13,3,0
577,282,70,70.000000,320953.000000,96279.000000,6319580201042127515,null,13,3,0
578,257,70.01,70.010000,320967.000000,96261.900000,12769401504775833826,null,14,3,0
579,263,38.89,38.890000,147672.000000,90241.800000,4592639760719655087,null,14,3,0
580,269,73.1,73.100000,333809.000000,89801.900000,7067048305631184950,null,14,3,0
581,278,70.01,70.010000,320967.000000,96261.900000,4737929023066278008,null,14,3,0
582,283,70.97,70.970000,320964.000000,93170.100000,9392581312856567774,null,14,3,0
583,255,69.4,69.400000,314541.000000,96256.400000,15779499426372216661,null,15,3,0
584,262,69.4,69.400000,314541.000000,96256.400000,13385300419797429040,null,15,3,0
585,268,69.4,69.400000,314537.000000,96254.700000,5742865733999409232,null,15,3,0
586,275,69.4,69.400000,314571.000000,96256.900000,8947939788957182171,null,15,3,0
587,281,71.16,71.160000,333780.000000,96254.900000,9071486555394292599,null,15,3,0
588,299,11.8,11.800000,109185.899972,96297.595491,338639543223184362,null,0,3,1
589,305,11.8,11.800000,109185.899972,96297.595491,8364217744817105699,null,0,3,1
590,299,11.8,11.800000,109185.899972,96297.595491,12973695691144242633,null,1,3,1
591,305,11.8,11.800000,109185.899972,96297.595491,10256986300146034873,null,1,3,1
592,299,11.8,11.800000,109185.899972,96297.595491,2847696781051618119,null,2,3,1
593,305,11.8,11.800000,109185.899972,96297.595491,9762964931153160185,null,2,3,1
594,299,11.8,11.800000,109185.899972,96297.595491,120849001905095581,null,3,3,1
595,306,28.59,28.590000,134806.633961,96264.520684,8819599968172485616,null,3,3,1
596,299,42.32,42.320000,166903.292118,96273.731128,17536398439533229750,null,4,3,1
597,306,44.46,44.460000,173375.487318,96287.692300,7330621407624724892,null,4,3,1
598,299,25.01,25.010000,128409.020895,96297.575396,10235065198399026909,null,5,3,1
599,306,25.02,25.020000,128428.837997,96298.205417,14719884460579516801,null,5,3,1
600,299,54.16,54.160000,205404.655711,94165.111208,4614813385720090515,null,6,3,1
601,306,51.63,51.630000,199055.792424,96289.668705,17222739929572847274,null,6,3,1
602,299,31.85,31.850000,141283.672686,96282.347066,10497065198414576126,null,7,3,1
603,306,21.1,21.100000,122031.533795,96285.392388,6710145695838712550,null,7,3,1
604,299,11.8,11.800000,109185.899972,96297.595491,10973602009936681000,null,8,3,1
605,305,11.8,11.800000,109185.899972,96297.595491,14139068757391331462,null,8,3,1
606,299,11.8,11.800000,109185.899972,96297.595491,99083572196803349,null,9,3,1
607,305,11.8,11.800000,109185.899972,96297.595491,6419353053015652765,null,9,3,1
608,299,11.8,11.800000,109185.899972,96297.595491,16277542345751091491,null,10,3,1
609,305,11.8,11.800000,109185.899972,96297.595491,12310392594586277563,null,10,3,1
610,299,11.8,11.800000,109185.899972,96297.595491,3234225550550099591,null,11,3,1
611,305,11.8,11.800000,109185.899972,96297.595491,14756552781186718982,null,11,3,1
612,299,54.55,54.550000,211852.085478,96288.744734,17309582308360498790,null,12,3,1
613,305,11.8,11.800000,109185.899972,96297.595491,8241063205282400218,null,12,3,1
614,299,48.27,48.270000,186142.633107,96294.622779,16325332162902484739,null,13,3,1
615,306,31.84,31.840000,141248.621556,96269.621169,9963353570260357164,null,13,3,1
616,299,11.8,11.800000,109185.899972,96297.595491,2302597008934240408,null,14,3,1
617,305,11.8,11.800000,109185.899972,96297.595491,6647865739357971151,null,14,3,1
618,299,11.8,11.800000,109185.899972,96297.595491,2218301329349491269,null,15,3,1
619,305,11.8,11.800000,109185.899972,96297.595491,7923003028554549675,null,15,3,1
620,312,40,40.000000,160509.105593,96297.587426,13058329553270086041,null,0,4,0
621,318,11.8,11.800000,109185.899972,96297.595491,8241063205282400218,null,0,4,0
622,326,76.27,76.270000,333809.066611,79213.034497,9213704074269596740,null,0,4,0
623,334,40,40.000000,160509.105593,96297.587426,14474335105973313730,null,0,4,0
624,341,76.27,76.270000,333809.066611,79213.034497,12869772786664750863,null,0,4,0
625,347,67.39,67.390000,295269.884886,96278.619474,16694655452627746512,null,0,4,0
626,353,11.8,11.800000,109185.899972,96297.595491,2517261145245701415,null,0,4,0
627,312,11.8,11.800000,109171.000000,96290.800000,3744984947376842410,8,1,4,0
628,318,11.8,11.800000,109171.000000,96288.500000,9160656863081571025,8,1,4,0
629,324,11.8,11.800000,109171.000000,96290.800000,8442241292187074455,8,1,4,0
630,330,11.8,11.800000,109171.000000,96290.800000,3550765759687339908,8,1,4,0
631,336,11.8,11.800000,109171.000000,96289.400000,15634834925031361976,8,1,4,0
632,342,11.8,11.800000,109171.000000,96290.800000,1098568419729819635,8,1,4,0
633,349,11.8,11.800000,109171.000000,96290.800000,13058329553270086042,8,1,4,0
634,312,63.24,63.240000,256755.000000,94383.800000,15467447888250676526,null,2,4,0
635,319,63.24,63.240000,256755.000000,94383.800000,5561118569216355415,null,2,4,0
636,325,63.24,63.240000,256755.000000,94383.800000,11094803488787932185,null,2,4,0
637,331,63.24,63.240000,256755.000000,94383.800000,17250201297565264004,null,2,4,0
638,337,72.46,72.460000,333809.000000,91930.400000,7798567161039956875,null,2,4,0
639,344,40.01,40.010000,160494.000000,96286.300000,10112295964366802349,null,2,4,0
640,351,31.89,31.890000,141365.000000,96279.200000,1079192334718936223,null,2,4,0
641,313,86.37,86.370000,533875.000000,72793.800000,6156651791036234637,null,3,4,0
642,320,86.37,86.370000,533875.000000,72793.800000,11570168804390977175,null,3,4,0
643,326,86.37,86.370000,533875.000000,72793.800000,1682323242959981218,null,3,4,0
644,334,86.37,86.370000,533875.000000,72793.800000,9285369248262008208,null,3,4,0
645,341,86.37,86.370000,533875.000000,72793.800000,12421420343210125978,null,3,4,0
646,348,76.27,76.270000,333809.000000,79213.700000,4359788514492427612,null,3,4,0
647,354,76.27,76.270000,333809.000000,79213.700000,4002370634619669756,null,3,4,0
648,312,76.27,76.270000,333809.000000,79213.700000,15150135145919889680,null,4,4,0
649,318,76.27,76.270000,333809.000000,79213.700000,5585930137100489776,null,4,4,0
650,325,76.27,76.270000,333809.000000,79213.700000,10389191631159698354,null,4,4,0
651,331,76.27,76.270000,333809.000000,79213.700000,16192440993607758113,null,4,4,0
652,337,76.27,76.270000,333809.000000,79213.700000,29664044400499514,null,4,4,0
653,343,76.27,76.270000,333809.000000,79213.700000,10279062904972790657,null,4,4,0
654,349,75,75.000000,333809.000000,83462.300000,1363102315972354409,null,4,4,0
655,313,72.12,72.120000,333809.000000,93071.800000,9907333898324317046,null,5,4,0
656,319,71.15,71.150000,333794.000000,96285.600000,10840035068797987729,null,5,4,0
657,326,70.94,70.940000,320966.000000,93257.700000,6702470453195425423,null,5,4,0
658,333,70.94,70.940000,320966.000000,93257.700000,15821255974511014578,null,5,4,0
659,339,70,70.000000,320965.000000,96301.800000,4624434816538587887,null,5,4,0
660,345,70,70.000000,320984.000000,96287.600000,14054044308122684515,null,5,4,0
661,351,69.39,69.390000,314545.000000,96291.900000,16995086935714364262,null,5,4,0
662,312,68.1,68.100000,301716.000000,96258.400000,9842507963508964623,null,6,4,0
663,318,71.96,71.960000,333809.000000,93603.200000,2550160444529849487,null,6,4,0
664,324,68.1,68.100000,301716.000000,96258.400000,2609355225577779541,null,6,4,0
665,331,68.1,68.100000,301716.000000,96258.400000,12366994926844792286,null,6,4,0
666,337,68.1,68.100000,301716.000000,96258.400000,519001250471968004,null,6,4,0
667,343,67.4,67.400000,295270.000000,96258.400000,15118423164471893011,null,6,4,0
668,350,71.16,71.160000,333797.000000,96258.200000,5596460622693722347,null,6,4,0
669,313,68.08,68.080000,301682.000000,96288.000000,11964409511088282499,null,7,4,0
670,319,68.08,68.080000,301682.000000,96288.000000,16460242897033819363,null,7,4,0
671,327,69.39,69.390000,314539.000000,96279.500000,6444904680043305685,null,7,4,0
672,333,69.99,69.990000,320934.000000,96299.900000,12713278381256147625,null,7,4,0
673,340,68.08,68.080000,301714.000000,96292.400000,15676975261350993282,null,7,4,0
674,347,68.09,68.090000,301696.000000,96285.700000,11710384830822148234,null,7,4,0
675,353,69.39,69.390000,314533.000000,96283.800000,9071066290721585695,null,7,4,0
676,312,70.59,70.590000,327366.000000,96264.900000,10579612925618723587,null,8,4,0
677,318,70,70.000000,320957.000000,96280.400000,15898274012797415275,null,8,4,0
678,324,68.75,68.750000,308118.000000,96292.900000,14073353176286805988,null,8,4,0
679,330,68.09,68.090000,301733.000000,96277.000000,5566423826991602614,null,8,4,0
680,336,69.39,69.390000,314512.000000,96280.500000,15409201859318930288,null,8,4,0
681,342,70,70.000000,320943.000000,96296.200000,15828090516449399845,null,8,4,0
682,348,69.39,69.390000,314512.000000,96280.500000,11971193111106967004,null,8,4,0
683,312,71.15,71.150000,333794.000000,96290.700000,16479870303567670520,null,9,4,0
684,319,70,70.000000,320949.000000,96295.100000,15182220914943803008,null,9,4,0
685,325,71.47,71.470000,333809.000000,95249.600000,8357829235744999765,null,9,4,0
686,332,70.3,70.300000,314546.000000,93408.500000,15361194051842317997,null,9,4,0
687,339,74.98,74.980000,333809.000000,83524.800000,4604488618282750667,null,9,4,0
688,345,71.15,71.150000,333809.000000,96290.700000,12685638140573239265,null,9,4,0
689,351,70,70.000000,320949.000000,96295.100000,13121340555997259659,null,9,4,0
690,313,44.48,44.480000,173358.000000,96255.800000,14944112240049478763,null,10,4,0
691,320,44.48,44.480000,173358.000000,96255.800000,10870319650355833703,null,10,4,0
692,327,46.44,46.440000,179743.000000,96272.100000,13466557390946771605,null,10,4,0
693,333,53.15,53.150000,205458.000000,96256.400000,9073712240595368685,null,10,4,0
694,340,44.48,44.480000,173358.000000,96255.800000,9059502179633093082,null,10,4,0
695,347,46.44,46.440000,179726.000000,96256.800000,17330431310455066625,null,10,4,0
696,354,40,40.000000,160428.000000,96257.100000,493972546913112684,null,10,4,0
697,312,73.07,73.070000,333809.000000,89893.400000,6432486946811716785,null,11,4,0
698,319,73.07,73.070000,333809.000000,89893.400000,17961165320580482516,null,11,4,0
699,325,73.95,73.950000,333809.000000,86944.900000,13886266484522431480,null,11,4,0
700,332,80.4,80.400000,488505.000000,95725.800000,224615900580438012,null,11,4,0
701,338,73.07,73.070000,333809.000000,89893.400000,5350071440707193969,null,11,4,0
702,345,72.25,72.250000,333809.000000,92622.000000,9476309563690544073,null,11,4,0
703,351,72.25,72.250000,333809.000000,92622.000000,4837333973129043776,null,11,4,0
704,313,31.86,31.860000,141287.000000,96266.300000,13644399588774302387,null,12,4,0
705,319,31.86,31.860000,141287.000000,96266.300000,1969840841618759749,null,12,4,0
706,326,73.76,73.760000,333809.000000,87601.000000,3599297519931043928,null,12,4,0
707,332,31.86,31.860000,141287.000000,96266.300000,3559413838893296980,null,12,4,0
708,338,28.59,28.590000,134868.000000,96315.300000,1023398337252271648,null,12,4,0
709,344,28.6,28.600000,134868.000000,96295.600000,2932129507582677087,null,12,4,0
710,351,71.15,71.150000,333794.000000,96300.200000,13025904865355144471,null,12,4,0
711,313,70.6,70.600000,327381.000000,96255.200000,10544679949114910025,null,13,4,0
712,320,70.6,70.600000,327381.000000,96263.100000,7638292929685209798,null,13,4,0
713,327,70.6,70.600000,327381.000000,96255.200000,16842352545368968172,null,13,4,0
714,333,70.6,70.600000,327381.000000,96255.200000,6649931362094341047,null,13,4,0
715,339,70,70.000000,320942.000000,96287.000000,8919944392351791351,null,13,4,0
716,345,69.39,69.390000,314544.000000,96282.300000,12066015146200671285,null,13,4,0
717,350,69.39,69.390000,314544.000000,96282.300000,17855269340991226936,null,13,4,0
718,313,80.59,80.590000,488505.000000,94832.400000,5701540434266121596,null,14,4,0
719,319,80.59,80.590000,488505.000000,94832.400000,7105338712582590478,null,14,4,0
720,325,78.9,78.900000,456109.000000,96250.000000,15093354658383289363,null,14,4,0
721,331,77.97,77.970000,436825.000000,96247.100000,6164237865193989027,null,14,4,0
722,337,75.83,75.830000,398198.000000,96245.700000,561670789925603720,null,14,4,0
723,343,77.63,77.630000,430176.000000,96245.700000,862333474025050371,null,14,4,0
724,350,75.83,75.830000,398198.000000,96245.700000,16511289405648255656,null,14,4,0
725,314,76.27,76.270000,333809.000000,79213.000000,17611710495675688649,null,15,4,0
726,323,76.27,76.270000,333809.000000,79213.000000,5210517152975886540,null,15,4,0
727,331,76.27,76.270000,333809.000000,79213.000000,7645657940686711205,null,15,4,0
728,339,76.27,76.270000,333809.000000,79213.000000,13535384385128110641,null,15,4,0
729,347,76.27,76.270000,333809.000000,79213.000000,14759865781092475144,null,15,4,0
730,356,76.27,76.270000,333809.000000,79213.000000,1540121062609549337,null,15,4,0
731,364,76.27,76.270000,333809.000000,79213.000000,17665525352966539989,null,15,4,0
732,370,11.8,11.800000,109185.899972,96297.595491,17625606311700167041,null,0,4,1
733,380,16.71,16.710000,115621.005170,96298.949666,8852795006255359109,null,0,4,1
734,370,11.8,11.800000,109185.899972,96297.595491,1335647230271342300,null,1,4,1
735,380,16.71,16.710000,115621.005170,96298.949666,3687782645091406004,null,1,4,1
736,370,11.8,11.800000,109185.899972,96297.595491,14171019058674527386,null,2,4,1
737,378,11.8,11.800000,109185.899972,96297.595491,15568615206568205285,null,2,4,1
738,370,11.8,11.800000,109185.899972,96297.595491,10704419555242643775,null,3,4,1
739,378,11.8,11.800000,109185.899972,96297.595491,7157475379919134754,null,3,4,1
740,370,11.8,11.800000,109185.899972,96297.595491,14342493634994121987,null,4,4,1
741,378,71.15,71.150000,333809.066611,96293.587555,2901058488224368397,null,4,4,1
742,370,11.8,11.800000,109185.899972,96297.595491,3451117115794108683,null,5,4,1
743,378,11.8,11.800000,109185.899972,96297.595491,9967317533934156722,null,5,4,1
744,370,11.8,11.800000,109185.899972,96297.595491,5159240175557046850,null,6,4,1
745,378,11.8,11.800000,109185.899972,96297.595491,6033493284174823572,null,6,4,1
746,370,11.8,11.800000,109185.899972,96297.595491,610083183600602728,null,7,4,1
747,378,11.8,11.800000,109185.899972,96297.595491,6277758847872924438,null,7,4,1
748,370,11.8,11.800000,109185.899972,96297.595491,13426748226386868591,null,8,4,1
749,378,11.8,11.800000,109185.899972,96297.595491,17487197906331794240,null,8,4,1
750,370,11.8,11.800000,109185.899972,96297.595491,3885572372369721041,null,9,4,1
751,378,11.8,11.800000,109185.899972,96297.595491,4964084473927751524,null,9,4,1
752,370,11.8,11.800000,109185.899972,96297.595491,92337883915516193,null,10,4,1
753,379,44.43,44.430000,173270.102485,96291.452690,8133249634823005110,null,10,4,1
754,372,70,70.000000,320979.411317,96308.293771,9124603354490186849,null,11,4,1
755,371,48.26,48.260000,186121.518068,96303.423542,5601056325318775584,null,12,4,1
756,372,70,70.000000,320979.411317,96308.293771,16900888826236458418,null,13,4,1
757,370,31.82,31.820000,141248.295820,96297.585829,10974428683915678247,null,14,4,1
758,370,11.8,11.800000,109185.899972,96297.595491,8064992705453815159,null,15,4,1
759,388,70,70.000000,320979.411317,96308.293771,16900888826236458418,null,0,5,0
760,395,11.8,11.800000,109185.899972,96297.595491,5153639869300948273,null,0,5,0
761,401,21.11,21.110000,122052.978964,96289.358402,7900274617214135645,null,0,5,0
762,407,18.54,18.540000,115594.752771,94166.835436,15634834925031361977,null,0,5,0
763,414,70.99,70.990000,320968.792169,93100.917036,13094516306457252766,null,0,5,0
764,421,21.6,21.600000,122008.655296,95649.485994,8894567559040577376,null,0,5,0
765,427,11.8,11.800000,109185.899972,96297.595491,7340506400743950521,null,0,5,0
766,433,11.8,11.800000,109185.899972,96297.595491,15705002081898595006,null,0,5,0
767,441,76.27,76.270000,333809.066611,79213.034497,12869772786664750863,null,0,5,0
768,447,11.8,11.800000,109185.899972,96297.595491,3550765759687339911,null,0,5,0
769,454,21.07,21.070000,121994.450109,96289.434964,12628177329913343937,null,0,5,0
770,461,76.27,76.270000,333809.066611,79213.034497,9213704074269596740,null,0,5,0
771,468,11.8,11.800000,109185.899972,96297.595491,1590000167990720497,null,0,5,0
772,474,40.01,40.010000,160510.073426,96297.587426,16363275062585749663,null,0,5,0
773,480,25.04,25.040000,128444.944789,96287.481946,1047784789649036725,null,0,5,0
774,486,11.8,11.800000,109185.899972,96297.595491,2517261145245701415,null,0,5,0
775,492,11.8,11.800000,109185.899972,96297.595491,12271702597850757055,null,0,5,0
776,499,31.82,31.820000,141248.295820,96297.585829,10974428683915678247,null,0,5,0
777,386,11.8,11.800000,109171.000000,96290.800000,3744984947376842410,8,1,5,0
778,392,11.8,11.800000,109171.000000,96290.800000,4113496151314085100,8,1,5,0
779,398,11.8,11.800000,109171.000000,96290.800000,16953048960863737790,8,1,5,0
780,404,11.8,11.800000,109171.000000,96290.800000,12321092828578204001,8,1,5,0
781,412,27.44,27.440000,109171.000000,79213.000000,9213704074269596741,8,1,5,0
782,418,11.8,11.800000,109171.000000,96285.900000,2818093008121544956,8,1,5,0
783,424,11.8,11.800000,109171.000000,96285.300000,8672439490201915640,8,1,5,0
784,433,11.81,11.810000,109170.000000,96277.500000,7935019312737959067,8,1,5,0
785,440,11.77,11.770000,109171.000000,96318.100000,5601056325318775585,8,1,5,0
786,449,11.81,11.810000,109159.000000,96267.800000,16900888826236458417,8,1,5,0
787,455,11.78,11.780000,109171.000000,96305.000000,16774477944624162078,8,1,5,0
788,461,11.81,11.810000,109171.000000,96279.200000,6146477858080468103,8,1,5,0
789,468,11.77,11.770000,109171.000000,96318.100000,18021972857589807783,8,1,5,0
790,474,11.77,11.770000,109171.000000,96317.100000,10043948421864713065,8,1,5,0
791,480,11.77,11.770000,109171.000000,96318.100000,910014401215627950,8,1,5,0
792,489,11.81,11.810000,109159.000000,96267.800000,9124603354490186854,8,1,5,0
793,496,11.7,11.700000,109171.000000,96395.100000,17106977936614483888,8,1,5,0
794,502,11.7,11.700000,109171.000000,96399.400000,17560399792244495497,8,1,5,0
795,388,62.52,62.520000,256791.000000,96253.200000,13816912107736502777,null,2,5,0
796,396,62.52,62.520000,256791.000000,96253.200000,1506553690059781727,null,2,5,0
797,403,62.52,62.520000,256791.000000,96253.200000,600898780876358132,null,2,5,0
798,411,62.52,62.520000,256791.000000,96253.200000,10142326173045981341,null,2,5,0
799,419,62.52,62.520000,256791.000000,96253.200000,249830540986602197,null,2,5,0
800,427,62.52,62.520000,256791.000000,96253.200000,17578362288354040780,null,2,5,0
801,434,62.52,62.520000,256791.000000,96253.200000,12622319855084046203,null,2,5,0
802,442,62.52,62.520000,256791.000000,96253.200000,7728513605917896007,null,2,5,0
803,450,62.52,62.520000,256791.000000,96253.200000,9536089417794741210,null,2,5,0
804,458,78.02,78.020000,360382.000000,79212.100000,1097803493694870899,null,2,5,0
805,465,62.52,62.520000,256791.000000,96253.200000,1212881654767420341,null,2,5,0
806,475,71.71,71.710000,340278.000000,96271.400000,1413757865290966484,null,2,5,0
807,483,62.52,62.520000,256791.000000,96253.200000,8026937064688918113,null,2,5,0
808,490,62.52,62.520000,256791.000000,96252.900000,2386967421861287395,null,2,5,0
809,498,62.52,62.520000,256791.000000,96253.200000,1023897456670016519,null,2,5,0
810,506,62.52,62.520000,256791.000000,96253.200000,4701031956641782798,null,2,5,0
811,513,72.24,72.240000,346732.000000,96253.200000,14397798892864124933,null,2,5,0
812,521,62.52,62.520000,256791.000000,96253.200000,17252780815770822723,null,2,5,0
813,388,78.36,78.360000,365999.000000,79212.300000,15111891485203776112,null,3,5,0
814,395,78.36,78.360000,365999.000000,79212.300000,16896967255320011425,null,3,5,0
815,402,78.36,78.360000,365999.000000,79212.300000,3679897443858425326,null,3,5,0
816,409,78.36,78.360000,365999.000000,79212.300000,4198216777525147691,null,3,5,0
817,417,78.36,78.360000,365999.000000,79212.300000,13942994922512449416,null,3,5,0
818,424,78.36,78.360000,365999.000000,79212.300000,11774442588900371688,null,3,5,0
819,431,78.36,78.360000,365999.000000,79212.300000,12574438702419071467,null,3,5,0
820,448,78.36,78.360000,365999.000000,79212.300000,471912030568209031,null,3,5,0
821,456,78.36,78.360000,365999.000000,79212.300000,8340698502870836870,null,3,5,0
822,463,78.36,78.360000,365999.000000,79212.300000,17413995962540930195,null,3,5,0
823,470,78.36,78.360000,365999.000000,79212.300000,14908002983308610119,null,3,5,0
824,478,78.36,78.360000,365999.000000,79212.300000,7820558148596428521,null,3,5,0
825,495,78.36,78.360000,365999.000000,79212.300000,167664546954529083,null,3,5,0
826,502,78.36,78.360000,365999.000000,79212.300000,6348231669950388716,null,3,5,0
827,509,78.36,78.360000,365999.000000,79212.300000,3303927809663223617,null,3,5,0
828,517,78.36,78.360000,365999.000000,79201.700000,19651931650414119,null,3,5,0
829,524,78.36,78.360000,365999.000000,79212.300000,2915687127731423635,null,3,5,0
830,531,78.36,78.360000,365999.000000,79212.300000,2546063870142946890,null,3,5,0
831,386,78.36,78.360000,365999.000000,79212.300000,14749109806916072416,null,4,5,0
832,392,78.36,78.360000,365999.000000,79212.300000,6237427759102241953,null,4,5,0
833,397,78.36,78.360000,365999.000000,79212.300000,13263578814671608172,null,4,5,0
834,403,78.36,78.360000,365999.000000,79212.300000,15631491450307503466,null,4,5,0
835,409,57.15,57.150000,224662.000000,96272.000000,4383278672833984396,null,4,5,0
836,415,57.15,57.150000,224662.000000,96272.000000,17262916561381143072,null,4,5,0
837,422,57.15,57.150000,224662.000000,96272.000000,9183576987652787434,null,4,5,0
838,428,73.7,73.700000,365984.000000,96272.000000,2258346409354351113,null,4,5,0
839,434,57.15,57.150000,224662.000000,96272.000000,17474922591351967473,null,4,5,0
840,440,57.15,57.150000,224662.000000,96272.000000,13813829802036767218,null,4,5,0
841,446,65.13,65.130000,276007.000000,96253.400000,16382898442961692745,null,4,5,0
842,452,66.26,66.260000,282422.000000,95282.600000,13150310906800336382,null,4,5,0
843,458,70.07,70.070000,314543.000000,94143.200000,2792318916729198822,null,4,5,0
844,464,70.59,70.590000,327364.000000,96274.800000,16836729848005935186,null,4,5,0
845,470,57.15,57.150000,224662.000000,96272.000000,9338021357378779135,null,4,5,0
846,476,72.23,72.230000,346763.000000,96279.300000,15382774550824661025,null,4,5,0
847,482,57.15,57.150000,224662.000000,96272.000000,5168554471353490506,null,4,5,0
848,488,57.15,57.150000,224662.000000,96272.000000,15749662376814096957,null,4,5,0
849,388,70.01,70.010000,320967.000000,96262.300000,5634545125486364682,null,5,5,0
850,394,68.76,68.760000,308108.000000,96255.600000,8722729180010261673,null,5,5,0
851,402,73.7,73.700000,365969.000000,96248.200000,14803997439226151589,null,5,5,0
852,407,70.01,70.010000,320987.000000,96258.900000,7087360475407266506,null,5,5,0
853,414,68.76,68.760000,308129.000000,96255.600000,515254936225771769,null,5,5,0
854,420,68.76,68.760000,308108.000000,96255.600000,5093535546777660107,null,5,5,0
855,426,68.76,68.760000,308108.000000,96255.600000,7255785765018679665,null,5,5,0
856,432,68.76,68.760000,308124.000000,96261.500000,3760220303525054159,null,5,5,0
857,439,48.23,48.230000,186149.000000,96373.700000,17955065785798068009,null,5,5,0
858,447,75.8,75.800000,327381.000000,79218.200000,14385554511466520343,null,5,5,0
859,453,48.28,48.280000,186149.000000,96274.100000,13298716200680051838,null,5,5,0
860,461,34.81,34.810000,147663.000000,96259.500000,7795711692256071281,null,5,5,0
861,467,69.4,69.400000,314544.000000,96255.600000,14819023829462085661,null,5,5,0
862,475,34.81,34.810000,147663.000000,96259.500000,4144638972850914213,null,5,5,0
863,482,34.81,34.810000,147663.000000,96259.500000,9849053336370694704,null,5,5,0
864,491,31.85,31.850000,141248.000000,96260.500000,3036489841012953890,null,5,5,0
865,497,53.12,53.120000,205368.000000,96271.900000,10387780943437222808,null,5,5,0
866,504,37.52,37.520000,154060.000000,96260.500000,3673321176988744764,null,5,5,0
867,391,71.71,71.710000,340299.000000,96253.500000,10876848391898534128,null,6,5,0
868,397,75.77,75.770000,346725.000000,84011.900000,6763977104449648184,null,6,5,0
869,408,71.71,71.710000,340299.000000,96253.500000,2068967467725653623,null,6,5,0
870,419,71.71,71.710000,340299.000000,96253.500000,6835288820632238164,null,6,5,0
871,425,75.82,75.820000,398119.000000,96253.400000,6807524363758796629,null,6,5,0
872,435,70.6,70.600000,327469.000000,96280.600000,5812271512313170367,null,6,5,0
873,444,70.01,70.010000,321066.000000,96283.400000,14205995992990366051,null,6,5,0
874,453,70.01,70.010000,321066.000000,96283.400000,4745705068535101870,null,6,5,0
875,464,58.35,58.350000,231191.000000,96280.900000,12819043679663777726,null,6,5,0
876,474,62.52,62.520000,256856.000000,96280.900000,6908631662251195042,null,6,5,0
877,485,55.9,55.900000,218309.000000,96279.300000,13050061830744331426,null,6,5,0
878,494,69.4,69.400000,314611.000000,96280.700000,12394803347858595437,null,6,5,0
879,504,55.9,55.900000,218309.000000,96279.300000,3064640407844435622,null,6,5,0
880,513,72.73,72.730000,353138.000000,96286.500000,14614926256948108570,null,6,5,0
881,522,51.63,51.630000,199057.000000,96280.400000,9020179296816831163,null,6,5,0
882,532,60.56,60.560000,244015.000000,96248.600000,8204159237571348221,null,6,5,0
883,541,62.52,62.520000,256872.000000,96280.000000,16144770978028121143,null,6,5,0
884,551,51.62,51.620000,199022.000000,96280.400000,18040036023634867615,null,6,5,0
885,388,78.36,78.360000,365999.000000,79212.100000,12461791836401942233,null,7,5,0
886,395,78.36,78.360000,365999.000000,79212.100000,1614991906556713951,null,7,5,0
887,402,80.11,80.110000,365999.000000,72793.300000,12840735437767625515,null,7,5,0
888,409,78.36,78.360000,365999.000000,79212.100000,13754327527099794866,null,7,5,0
889,416,78.36,78.360000,365999.000000,79212.100000,14266654132906880099,null,7,5,0
890,424,78.36,78.360000,365999.000000,79212.100000,14371969605990727458,null,7,5,0
891,430,78.36,78.360000,365999.000000,79212.300000,10446178006678610536,null,7,5,0
892,437,78.36,78.360000,365999.000000,79212.100000,13356193088428940698,null,7,5,0
893,442,74.99,74.990000,333809.000000,83475.800000,5045218042849291825,null,7,5,0
894,448,76.27,76.270000,333809.000000,79213.000000,9660849629692669927,null,7,5,0
895,453,74.99,74.990000,333809.000000,83475.800000,13827583036221478735,null,7,5,0
896,458,74.99,74.990000,333809.000000,83475.800000,986052131402335986,null,7,5,0
897,462,74.99,74.990000,333809.000000,83475.800000,8705081089723813713,null,7,5,0
898,467,74.99,74.990000,333809.000000,83475.800000,17447816994880077983,null,7,5,0
899,472,76.27,76.270000,333809.000000,79213.100000,7887793897318035386,null,7,5,0
900,477,76.27,76.270000,333809.000000,79213.000000,4177029308096509296,null,7,5,0
901,481,74.99,74.990000,333809.000000,83475.800000,10356421401914369781,null,7,5,0
902,486,74.99,74.990000,333809.000000,83475.800000,18158498093382814772,null,7,5,0
903,388,78.36,78.360000,365999.000000,79212.300000,13629363121731811099,null,8,5,0
904,395,76.27,76.270000,333809.000000,79213.700000,4452069672988627176,null,8,5,0
905,402,76.27,76.270000,333809.000000,79213.700000,17872944842911823124,null,8,5,0
906,409,76.27,76.270000,333809.000000,79213.700000,3410103603896381249,null,8,5,0
907,415,76.27,76.270000,333809.000000,79213.700000,14005874354922161404,null,8,5,0
908,422,76.27,76.270000,333809.000000,79213.700000,7945831993621549129,null,8,5,0
909,429,76.27,76.270000,333809.000000,79213.700000,14482665631228169491,null,8,5,0
910,435,76.27,76.270000,333809.000000,79213.700000,9132318904336824046,null,8,5,0
911,442,76.27,76.270000,333809.000000,79213.700000,4202445954949643525,null,8,5,0
912,449,70.59,70.590000,327382.000000,96267.600000,1600880055234543264,null,8,5,0
913,456,71.16,71.160000,333794.000000,96268.600000,18303937439978701289,null,8,5,0
914,463,71.16,71.160000,333794.000000,96267.400000,178810337818122607,null,8,5,0
915,469,70.59,70.590000,327382.000000,96267.600000,2843364374213338844,null,8,5,0
916,476,70.59,70.590000,327382.000000,96267.600000,3965207694426628056,null,8,5,0
917,483,70.59,70.590000,327382.000000,96267.600000,1309125157917903491,null,8,5,0
918,489,70.59,70.590000,327382.000000,96267.600000,14661451667795911363,null,8,5,0
919,496,37.52,37.520000,154082.000000,96276.100000,11658996173949633041,null,8,5,0
920,502,37.52,37.520000,154082.000000,96276.100000,17469966235154778348,null,8,5,0
921,387,42.29,42.290000,166897.000000,96308.100000,730295781201788839,null,9,5,0
922,393,68.75,68.750000,308147.000000,96305.400000,12994567691050592645,null,9,5,0
923,399,34.79,34.790000,147680.000000,96296.200000,5147840419913522967,null,9,5,0
924,405,28.61,28.610000,134869.000000,96286.900000,4631180309352426264,null,9,5,0
925,412,28.61,28.610000,134869.000000,96286.900000,13308300131590344758,null,9,5,0
926,419,76.21,76.210000,404564.000000,96258.400000,7891649029494018703,null,9,5,0
927,425,28.61,28.610000,134869.000000,96286.900000,5235406922521393098,null,9,5,0
928,431,68.75,68.750000,308153.000000,96290.400000,9110851171141055189,null,9,5,0
929,437,66.66,66.660000,288915.000000,96328.500000,4590683105511631239,null,9,5,0
930,444,70.6,70.600000,327401.000000,96259.600000,14202135832293118877,null,9,5,0
931,450,28.62,28.620000,134867.000000,96275.000000,6002434472671614149,null,9,5,0
932,456,69.39,69.390000,314530.000000,96282.500000,12597412212562445283,null,9,5,0
933,463,28.61,28.610000,134869.000000,96286.900000,15863106434251371334,null,9,5,0
934,469,39.99,39.990000,160465.000000,96294.500000,8433400630347822164,null,9,5,0
935,475,69.39,69.390000,314578.000000,96298.700000,6257956757047259734,null,9,5,0
936,481,28.61,28.610000,134869.000000,96286.900000,9057094954069526949,null,9,5,0
937,487,68.75,68.750000,308140.000000,96284.900000,5293589111540876171,null,9,5,0
938,494,28.61,28.610000,134869.000000,96286.900000,10377850664802280288,null,9,5,0
939,386,68.76,68.760000,308135.000000,96271.600000,7567127080079603203,null,10,5,0
940,392,67.4,67.400000,295318.000000,96281.200000,2255795944314855711,null,10,5,0
941,398,70.6,70.600000,327396.000000,96259.400000,8023955565718847182,null,10,5,0
942,404,66.68,66.680000,288927.000000,96273.000000,5131711704619948075,null,10,5,0
943,411,66.68,66.680000,288927.000000,96273.000000,4145186629562757967,null,10,5,0
944,417,65.93,65.930000,282514.000000,96259.300000,14801388624762980969,null,10,5,0
945,423,65.93,65.930000,282514.000000,96259.300000,14324690494004748608,null,10,5,0
946,429,66.68,66.680000,288927.000000,96267.300000,2506439762986427129,null,10,5,0
947,435,65.93,65.930000,282514.000000,96259.300000,18317961810627055056,null,10,5,0
948,441,65.93,65.930000,282514.000000,96259.300000,13301761349918678098,null,10,5,0
949,447,65.93,65.930000,282514.000000,96259.300000,6155026300596221079,null,10,5,0
950,453,65.93,65.930000,282514.000000,96259.300000,12756446967996731965,null,10,5,0
951,460,68.76,68.760000,308097.000000,96259.200000,7492361781509512862,null,10,5,0
952,466,68.1,68.100000,301727.000000,96259.300000,1680712123516289923,null,10,5,0
953,472,68.76,68.760000,308162.000000,96260.300000,3446785920038692530,null,10,5,0
954,478,70.01,70.010000,320974.000000,96259.200000,13857045596053349462,null,10,5,0
955,485,72.24,72.240000,346769.000000,96253.600000,10706231795071478639,null,10,5,0
956,489,70.01,70.010000,320974.000000,96259.200000,7221824280532765759,null,10,5,0
957,387,78.36,78.360000,365999.000000,79212.300000,3224267095189005877,null,11,5,0
958,394,78.36,78.360000,365999.000000,79212.300000,16081057745533919735,null,11,5,0
959,400,78.36,78.360000,365999.000000,79212.300000,10775491764021060303,null,11,5,0
960,407,78.36,78.360000,365999.000000,79212.300000,12338349850848483937,null,11,5,0
961,413,31.84,31.840000,141259.000000,96284.600000,201725970531891641,null,11,5,0
962,419,31.84,31.840000,141259.000000,96283.800000,3369448859823907360,null,11,5,0
963,425,31.84,31.840000,141259.000000,96284.600000,11519461673027308858,null,11,5,0
964,432,71.15,71.150000,333792.000000,96282.700000,6002807718297418170,null,11,5,0
965,438,31.84,31.840000,141259.000000,96283.800000,11505984353083789568,null,11,5,0
966,444,31.84,31.840000,141259.000000,96283.800000,7567704312714900188,null,11,5,0
967,450,31.84,31.840000,141259.000000,96283.500000,227261401216756754,null,11,5,0
968,456,31.84,31.840000,141259.000000,96284.600000,10800462681748750789,null,11,5,0
969,463,31.84,31.840000,141259.000000,96284.600000,2566873303490049571,null,11,5,0
970,469,69.4,69.400000,314542.000000,96263.900000,1484073225925290973,null,11,5,0
971,475,31.84,31.840000,141259.000000,96284.600000,15541879913487383877,null,11,5,0
972,481,31.84,31.840000,141259.000000,96282.700000,10834604756141975176,null,11,5,0
973,488,68.75,68.750000,308117.000000,96284.200000,9150863448723597637,null,11,5,0
974,494,31.84,31.840000,141259.000000,96284.600000,385656968278623645,null,11,5,0
975,387,86.37,86.370000,533875.000000,72793.800000,2511447225093889466,null,12,5,0
976,393,86.37,86.370000,533875.000000,72793.800000,5827849026299803367,null,12,5,0
977,400,86.37,86.370000,533875.000000,72793.800000,10119827371400894397,null,12,5,0
978,406,86.37,86.370000,533875.000000,72793.800000,6424523601128291525,null,12,5,0
979,413,80.11,80.110000,365999.000000,72793.300000,13912322587281023525,null,12,5,0
980,420,80.11,80.110000,365999.000000,72793.300000,7540499408133411617,null,12,5,0
981,427,80.11,80.110000,365999.000000,72793.300000,947719971316350798,null,12,5,0
982,434,86.37,86.370000,533875.000000,72793.800000,13318232716611925048,null,12,5,0
983,441,80.11,80.110000,365999.000000,72793.300000,14080072641940136924,null,12,5,0
984,448,80.11,80.110000,365999.000000,72793.300000,5011517524056963532,null,12,5,0
985,455,80.11,80.110000,365999.000000,72793.300000,3883920886556179584,null,12,5,0
986,463,80.11,80.110000,365999.000000,72793.300000,11026913612695718463,null,12,5,0
987,469,78.36,78.360000,365999.000000,79212.300000,14071761577704250906,null,12,5,0
988,475,78.36,78.360000,365999.000000,79212.300000,16659938907869354740,null,12,5,0
989,482,78.36,78.360000,365999.000000,79212.300000,17109164307427678366,null,12,5,0
990,488,78.36,78.360000,365999.000000,79212.300000,4763768027831045867,null,12,5,0
991,495,78.36,78.360000,365999.000000,79212.300000,14833252169704935780,null,12,5,0
992,501,78.36,78.360000,365999.000000,79212.300000,928439023498663306,null,12,5,0
993,387,68.08,68.080000,301723.000000,96306.800000,7842027033023749454,null,13,5,0
994,393,25.03,25.030000,128450.000000,96292.700000,9822201016021458708,null,13,5,0
995,400,25.03,25.030000,128450.000000,96292.700000,9265807378139936927,null,13,5,0
996,406,25.03,25.030000,128450.000000,96302.800000,2581062339734054671,null,13,5,0
997,413,25.03,25.030000,128450.000000,96292.700000,7514079193044758669,null,13,5,0
998,418,70,70.000000,320952.000000,96276.300000,2693846403156337644,null,13,5,0
999,425,69.39,69.390000,314514.000000,96285.800000,118383219109657238,null,13,5,0
1000,431,68.08,68.080000,301664.000000,96290.500000,2314836637548150431,null,13,5,0
1001,438,68.08,68.080000,301723.000000,96306.800000,3518587136060043242,null,13,5,0
1002,444,68.08,68.080000,301695.000000,96291.100000,13805025245258264279,null,13,5,0
1003,450,16.73,16.730000,115637.000000,96292.700000,9434810087602230538,null,13,5,0
1004,457,31.85,31.850000,141315.000000,96303.500000,10729269663472922669,null,13,5,0
1005,463,25.03,25.030000,128447.000000,96291.400000,17815302065643562993,null,13,5,0
1006,470,75.8,75.800000,327381.000000,79213.000000,5306632257019748928,null,13,5,0
1007,476,67.39,67.390000,295278.000000,96288.200000,2289177860369065981,null,13,5,0
1008,482,16.73,16.730000,115637.000000,96292.700000,1103944378913760466,null,13,5,0
1009,489,16.73,16.730000,115637.000000,96292.700000,6592650484171421022,null,13,5,0
1010,494,69.38,69.380000,314544.000000,96317.300000,10162890800626170494,null,13,5,0
1011,389,73.7,73.700000,365969.000000,96254.400000,8880758888959430435,null,14,5,0
1012,397,73.7,73.700000,365969.000000,96254.400000,684979509098664733,null,14,5,0
1013,403,68.75,68.750000,308110.000000,96286.700000,7949132325965744734,null,14,5,0
1014,409,68.75,68.750000,308110.000000,96286.700000,16922749861413304082,null,14,5,0
1015,415,68.08,68.080000,301696.000000,96286.700000,13170530116146138315,null,14,5,0
1016,421,69.38,69.380000,314503.000000,96287.500000,5952739764437378509,null,14,5,0
1017,427,67.4,67.400000,295308.000000,96269.200000,6230485925866120837,null,14,5,0
1018,433,34.81,34.810000,147685.000000,96268.400000,15982562756610003733,null,14,5,0
1019,440,34.81,34.810000,147685.000000,96268.400000,8683058786711539769,null,14,5,0
1020,446,34.81,34.810000,147685.000000,96268.400000,16043770416080997075,null,14,5,0
1021,452,44.45,44.450000,173292.000000,96259.500000,16823362898321188429,null,14,5,0
1022,459,44.44,44.440000,173266.000000,96271.200000,18424688537861873725,null,14,5,0
1023,466,21.13,21.130000,122060.000000,96270.800000,7271140839649712694,null,14,5,0
1024,472,21.13,21.130000,122060.000000,96270.800000,11847435360974373244,null,14,5,0
1025,478,31.86,31.860000,141289.000000,96271.400000,12670163578165129545,null,14,5,0
1026,485,68.1,68.100000,301707.000000,96255.700000,3260390519652140845,null,14,5,0
1027,493,78.36,78.360000,365999.000000,79212.300000,9330784803467780008,null,14,5,0
1028,499,21.13,21.130000,122060.000000,96270.800000,17783744428918706260,null,14,5,0
1029,387,78.36,78.360000,365999.000000,79212.300000,11506588953727707631,null,15,5,0
1030,393,68.76,68.760000,308143.000000,96261.200000,8443120172258698672,null,15,5,0
1031,398,68.76,68.760000,308143.000000,96261.200000,15285997602096325025,null,15,5,0
1032,404,68.76,68.760000,308143.000000,96261.200000,6054491151152051615,null,15,5,0
1033,410,68.76,68.760000,308143.000000,96261.200000,8713799163334276106,null,15,5,0
1034,415,68.76,68.760000,308143.000000,96261.200000,15222200137799277002,null,15,5,0
1035,421,68.1,68.100000,301721.000000,96259.400000,5854443402396675672,null,15,5,0
1036,427,64.3,64.300000,269629.000000,96259.400000,16648829466494904179,null,15,5,0
1037,434,78.36,78.360000,365999.000000,79212.300000,5707733069838857897,null,15,5,0
1038,439,69.99,69.990000,320989.000000,96328.000000,4589552227230232512,null,15,5,0
1039,445,68.1,68.100000,301750.000000,96259.400000,2894870622132981732,null,15,5,0
1040,451,64.3,64.300000,269629.000000,96259.400000,5504827357486496455,null,15,5,0
1041,458,78.36,78.360000,365999.000000,79212.300000,6946644800795100513,null,15,5,0
1042,464,71.24,71.240000,327381.000000,94147.000000,2260708225923528060,null,15,5,0
1043,470,71.16,71.160000,333809.000000,96264.100000,12245809633061919246,null,15,5,0
1044,476,64.3,64.300000,269629.000000,96259.400000,6713490564668794676,null,15,5,0
1045,482,64.3,64.300000,269629.000000,96259.400000,8005127469910042044,null,15,5,0
1046,487,68.1,68.100000,301750.000000,96259.400000,15564836400259256317,null,15,5,0
1047,559,27.5,27.500000,128428.341081,93109.089896,4490915809267115228,null,0,5,1
1048,565,11.8,11.800000,109185.899972,96297.595491,2233631628364038896,null,0,5,1
1049,557,11.8,11.800000,109185.899972,96297.595491,11735436456916952345,null,1,5,1
1050,565,11.8,11.800000,109185.899972,96297.595491,4941282815504070621,null,1,5,1
1051,557,11.8,11.800000,109185.899972,96297.595491,4250288024695203137,null,2,5,1
1052,565,11.8,11.800000,109185.899972,96297.595491,13416000541382407977,null,2,5,1
1053,557,11.8,11.800000,109185.899972,96297.595491,2107644615402303566,null,3,5,1
1054,565,11.8,11.800000,109185.899972,96297.595491,14986615110174370791,null,3,5,1
1055,557,11.8,11.800000,109185.899972,96297.595491,1021265921906894203,null,4,5,1
1056,565,11.8,11.800000,109185.899972,96297.595491,8270690064127356624,null,4,5,1
1057,557,63.74,63.740000,256792.361476,93122.850233,11708799725276908272,null,5,5,1
1058,565,57.13,57.130000,224609.192359,96291.765518,7651208457848792872,null,5,5,1
1059,557,11.8,11.800000,109185.899972,96297.595491,5386295216387990547,null,6,5,1
1060,565,11.8,11.800000,109185.899972,96297.595491,13372001234041669291,null,6,5,1
1061,557,11.8,11.800000,109185.899972,96297.595491,17663859987356157932,null,7,5,1
1062,565,11.8,11.800000,109185.899972,96297.595491,8190205115166646113,null,7,5,1
1063,557,11.8,11.800000,109185.899972,96297.595491,11191725152772096652,null,8,5,1
1064,565,11.8,11.800000,109185.899972,96297.595491,3266835022390517916,null,8,5,1
1065,557,11.8,11.800000,109185.899972,96297.595491,670805466178888221,null,9,5,1
1066,565,11.8,11.800000,109185.899972,96297.595491,15206477978946876600,null,9,5,1
1067,557,11.8,11.800000,109185.899972,96297.595491,7977829217932168589,null,10,5,1
1068,565,11.8,11.800000,109185.899972,96297.595491,16444431186446307818,null,10,5,1
1069,557,11.8,11.800000,109185.899972,96297.595491,2169143691502035493,null,11,5,1
1070,565,11.8,11.800000,109185.899972,96297.595491,1512721513159021210,null,11,5,1
1071,557,11.8,11.800000,109185.899972,96297.595491,17050150950338159450,null,12,5,1
1072,565,11.8,11.800000,109185.899972,96297.595491,5905662354226943919,null,12,5,1
1073,557,11.8,11.800000,109185.899972,96297.595491,18251904069305512197,null,13,5,1
1074,565,11.8,11.800000,109185.899972,96297.595491,11606912315771938989,null,13,5,1
1075,557,11.8,11.800000,109185.899972,96297.595491,14765454235955284893,null,14,5,1
1076,555,21.07,21.070000,122000.613069,96297.595491,12056633130048297168,null,15,5,1
1077,572,21.08,21.080000,122011.859550,96287.155648,2621355399255925517,null,0,6,0
1078,579,21.08,21.080000,122011.844959,96286.227244,16024405169612941636,null,0,6,0
1079,586,34.78,34.780000,147615.303896,96273.507642,72459653501830203,null,0,6,0
1080,593,21.06,21.060000,122002.920900,96306.218252,5275642435006034527,null,0,6,0
1081,599,21.08,21.080000,122011.859550,96287.155648,9525648323173796649,null,0,6,0
1082,607,61.52,61.520000,250279.748768,96296.431912,12905103420854468833,null,0,6,0
1083,614,31.77,31.770000,141286.868771,96395.256958,17560399792244495510,null,0,6,0
1084,621,21.08,21.080000,122011.859550,96287.155648,8859222024455610800,null,0,6,0
1085,627,31.84,31.840000,141290.307439,96297.792621,4679606592921645444,null,0,6,0
1086,636,75.81,75.810000,327401.414243,79213.034474,10053937506015431667,null,0,6,0
1087,642,21.06,21.060000,122003.058997,96303.376723,16652198573442180097,null,0,6,0
1088,649,60.53,60.530000,243942.177769,96284.602639,5407262170723440223,null,0,6,0
1089,655,21.08,21.080000,122011.844959,96286.227244,11752413123504702456,null,0,6,0
1090,662,48.26,48.260000,186121.518068,96303.423542,5601056325318775584,null,0,6,0
1091,668,21.08,21.080000,122003.059035,96286.471452,7400113817817008739,null,0,6,0
1092,675,70.01,70.010000,320953.027368,96266.023483,13594907717404777974,null,0,6,0
1093,683,28.59,28.590000,134839.852138,96283.378291,14774356571447160569,null,0,6,0
1094,690,21.09,21.090000,122011.859550,96276.662275,1223243108423348258,null,0,6,0
1095,572,11.77,11.770000,109147.000000,96297.500000,17106977936614483888,10,1,6,0
1096,578,11.79,11.790000,109147.000000,96273.000000,12435714156568753536,10,1,6,0
1097,584,11.76,11.760000,109147.000000,96308.500000,10382347738476998053,10,1,6,0
1098,590,11.77,11.770000,109147.000000,96301.400000,2469686959943077545,10,1,6,0
1099,597,11.77,11.770000,109147.000000,96295.000000,2163241826497508502,10,1,6,0
1100,603,11.77,11.770000,109159.000000,96314.300000,8709962627483054650,10,1,6,0
1101,609,11.78,11.780000,109147.000000,96289.200000,16358854971127025604,10,1,6,0
1102,615,11.76,11.760000,109147.000000,96308.500000,1304797893520966935,10,1,6,0
1103,621,11.76,11.760000,109147.000000,96306.300000,1978015311913316956,10,1,6,0
1104,627,11.76,11.760000,109147.000000,96308.500000,5100362749612217474,10,1,6,0
1105,633,11.76,11.760000,109147.000000,96309.300000,17386971665463583262,10,1,6,0
1106,639,11.79,11.790000,109159.000000,96293.900000,4316083053561852964,10,1,6,0
1107,645,11.76,11.760000,109147.000000,96308.500000,6742243378147281449,10,1,6,0
1108,651,11.78,11.780000,109159.000000,96294.700000,3326885850598803423,10,1,6,0
1109,658,11.8,11.800000,109159.000000,96277.500000,6874219040132117582,10,1,6,0
1110,664,11.76,11.760000,109147.000000,96308.500000,6515242761674203072,10,1,6,0
1111,670,11.76,11.760000,109147.000000,96308.500000,7417580418812283998,10,1,6,0
1112,676,11.8,11.800000,109159.000000,96276.900000,11545090325597236905,10,1,6,0
1113,572,69.4,69.400000,314586.000000,96264.300000,5620453389808823280,null,2,6,0
1114,578,68.76,68.760000,308123.000000,96257.800000,13840467285978701739,null,2,6,0
1115,584,70.01,70.010000,320989.000000,96257.600000,1603226160549533628,null,2,6,0
1116,590,68.76,68.760000,308123.000000,96257.800000,4521836181837707510,null,2,6,0
1117,595,68.1,68.100000,301725.000000,96257.800000,8974450528445359021,null,2,6,0
1118,601,70,70.000000,320956.000000,96271.200000,3686667820639215925,null,2,6,0
1119,607,68.1,68.100000,301725.000000,96257.800000,6352537242773835210,null,2,6,0
1120,613,69.4,69.400000,314562.000000,96257.500000,14625609249854573714,null,2,6,0
1121,620,70.01,70.010000,320962.000000,96257.600000,5641577104397888973,null,2,6,0
1122,626,70.01,70.010000,320989.000000,96257.600000,1541078417014818397,null,2,6,0
1123,631,68.1,68.100000,301725.000000,96257.800000,10992798370794108870,null,2,6,0
1124,637,68.1,68.100000,301725.000000,96257.800000,9662536537061983231,null,2,6,0
1125,644,68.09,68.090000,301683.000000,96269.700000,3695525054867618186,null,2,6,0
1126,650,50.01,50.010000,192566.000000,96259.400000,1281561501241154382,null,2,6,0
1127,657,65.91,65.910000,282439.000000,96276.900000,13870902741575523472,null,2,6,0
1128,664,48.29,48.290000,186153.000000,96258.900000,2182975945946277538,null,2,6,0
1129,670,70.02,70.020000,321007.000000,96253.300000,7793366801550714978,null,2,6,0
1130,677,48.29,48.290000,186153.000000,96258.900000,3988735796160742579,null,2,6,0
1131,571,78.28,78.280000,443188.000000,96276.300000,13424512019850079003,null,3,6,0
1132,578,68.26,68.260000,295322.000000,93730.600000,3251276928525683579,null,3,6,0
1133,585,68.26,68.260000,295322.000000,93730.600000,17344330461449921534,null,3,6,0
1134,591,77.54,77.540000,417373.000000,93730.600000,13038247772280206644,null,3,6,0
1135,598,76.17,76.170000,365984.000000,87228.600000,2387606086047524994,null,3,6,0
1136,605,68.26,68.260000,295322.000000,93730.600000,3516288895134792732,null,3,6,0
1137,612,78.75,78.750000,443050.000000,94143.400000,13935262588641194315,null,3,6,0
1138,618,68.26,68.260000,295322.000000,93730.600000,3032297340154467918,null,3,6,0
1139,625,74.84,74.840000,372482.000000,93730.600000,8084009831119016492,null,3,6,0
1140,632,68.26,68.260000,295322.000000,93730.600000,3397411739503854693,null,3,6,0
1141,638,68.26,68.260000,295322.000000,93730.600000,9665431079403236228,null,3,6,0
1142,645,75.15,75.150000,378792.000000,94142.300000,8821333860366091630,null,3,6,0
1143,652,76.23,76.230000,391639.000000,93087.200000,707501280233179397,null,3,6,0
1144,658,73.81,73.810000,359552.000000,94165.700000,14413602982812195954,null,3,6,0
1145,665,71.79,71.790000,333809.000000,94155.600000,10263581877431995657,null,3,6,0
1146,671,75,75.000000,372357.000000,93077.100000,13719887669094855420,null,3,6,0
1147,678,78.85,78.850000,443260.000000,93730.600000,15405349023014751290,null,3,6,0
1148,684,79.46,79.460000,468917.000000,96299.700000,4181057562915877147,null,3,6,0
1149,572,84.2,84.200000,501349.000000,79212.900000,7574345503126937028,null,4,6,0
1150,579,84.2,84.200000,501349.000000,79212.900000,10280063052815545117,null,4,6,0
1151,585,84.2,84.200000,501349.000000,79212.900000,438215864210266121,null,4,6,0
1152,592,84.2,84.200000,501349.000000,79212.900000,9873865919780337279,null,4,6,0
1153,598,82.71,82.710000,501349.000000,86706.600000,257137246754794112,null,4,6,0
1154,604,78.36,78.360000,365999.000000,79212.300000,15206024077163724178,null,4,6,0
1155,611,78.36,78.360000,365999.000000,79212.300000,10092030693314573945,null,4,6,0
1156,617,78.36,78.360000,365999.000000,79212.300000,2493970451913625348,null,4,6,0
1157,623,78.36,78.360000,365999.000000,79212.300000,12330736935070310506,null,4,6,0
1158,629,78.36,78.360000,365999.000000,79212.300000,500708214764052893,null,4,6,0
1159,635,78.36,78.360000,365999.000000,79212.300000,8901139739830620156,null,4,6,0
1160,642,78.36,78.360000,365999.000000,79212.300000,17854080558017762903,null,4,6,0
1161,648,78.36,78.360000,365999.000000,79212.300000,15485373288199959102,null,4,6,0
1162,653,78.36,78.360000,365999.000000,79212.300000,7368185913014078569,null,4,6,0
1163,660,78.36,78.360000,365999.000000,79212.300000,6840092266798344819,null,4,6,0
1164,666,78.36,78.360000,365999.000000,79212.300000,16415948204260294444,null,4,6,0
1165,672,78.36,78.360000,365999.000000,79212.300000,10180413977190435437,null,4,6,0
1166,678,78.36,78.360000,365999.000000,79212.300000,17107263741054166645,null,4,6,0
1167,573,70.6,70.600000,327381.000000,96258.900000,14702057898474693329,null,5,6,0
1168,581,70.6,70.600000,327381.000000,96258.900000,6810265596352773873,null,5,6,0
1169,589,70.6,70.600000,327381.000000,96260.100000,4005258471534900882,null,5,6,0
1170,597,70.6,70.600000,327381.000000,96258.900000,547304765061021366,null,5,6,0
1171,606,71.57,71.570000,327381.000000,93071.100000,1103196162521439985,null,5,6,0
1172,614,70.6,70.600000,327381.000000,96258.900000,3630390305318899395,null,5,6,0
1173,622,70.6,70.600000,327381.000000,96258.900000,16345896914694897310,null,5,6,0
1174,629,70.6,70.600000,327381.000000,96258.900000,18405841846380350535,null,5,6,0
1175,636,80.36,80.360000,469273.000000,92177.700000,17768855771893717745,null,5,6,0
1176,644,70.6,70.600000,327381.000000,96258.900000,5218766267523571909,null,5,6,0
1177,651,70.6,70.600000,327381.000000,96254.700000,900853722811857260,null,5,6,0
1178,659,70.6,70.600000,327381.000000,96256.100000,7000367145099429765,null,5,6,0
1179,666,73.07,73.070000,327381.000000,88166.700000,6815057165747771741,null,5,6,0
1180,674,70.6,70.600000,327381.000000,96258.900000,15498000575271401226,null,5,6,0
1181,681,80.32,80.320000,469199.000000,92359.900000,6328423818465196150,null,5,6,0
1182,689,70.6,70.600000,327381.000000,96258.900000,7979914637880411226,null,5,6,0
1183,697,70.6,70.600000,327381.000000,96258.900000,13708617588356766311,null,5,6,0
1184,703,78.36,78.360000,365999.000000,79212.100000,12185137251053132519,null,5,6,0
1185,572,72.11,72.110000,333809.000000,93092.100000,8113561190366899143,null,6,6,0
1186,578,71.15,71.150000,333780.000000,96279.100000,11342819928216488223,null,6,6,0
1187,585,45.65,45.650000,173254.000000,94166.000000,6080042176205981594,null,6,6,0
1188,592,78.02,78.020000,360382.000000,79212.100000,2448849739595558257,null,6,6,0
1189,598,76.27,76.270000,333809.000000,79213.700000,12396219697387389208,null,6,6,0
1190,604,45.65,45.650000,173254.000000,94166.000000,12964915234731152368,null,6,6,0
1191,610,45.65,45.650000,173254.000000,94166.000000,16880193964924797132,null,6,6,0
1192,616,45.65,45.650000,173254.000000,94166.000000,2735483343600190242,null,6,6,0
1193,622,44.44,44.440000,173254.000000,96266.000000,12846884781307791379,null,6,6,0
1194,628,45.65,45.650000,173254.000000,94166.000000,15036578423160139803,null,6,6,0
1195,635,68.09,68.090000,301695.000000,96283.100000,7426572624691571438,null,6,6,0
1196,642,78.02,78.020000,360382.000000,79212.100000,7099869070307300553,null,6,6,0
1197,648,44.44,44.440000,173254.000000,96266.000000,336696827674598805,null,6,6,0
1198,654,44.44,44.440000,173254.000000,96266.000000,3432654815416984830,null,6,6,0
1199,660,44.44,44.440000,173254.000000,96266.000000,6421739430915895974,null,6,6,0
1200,666,70.59,70.590000,327412.000000,96278.900000,9263775162101743113,null,6,6,0
1201,672,44.44,44.440000,173254.000000,96266.000000,18102012392719263912,null,6,6,0
1202,678,44.44,44.440000,173254.000000,96266.000000,4268946007837152832,null,6,6,0
1203,572,72.69,72.690000,346678.000000,94670.100000,14705994420427084650,null,7,6,0
1204,580,68.77,68.770000,308228.000000,96259.600000,9877829948377295850,null,7,6,0
1205,587,71.71,71.710000,340268.000000,96259.600000,17956336757864563441,null,7,6,0
1206,594,72.24,72.240000,346730.000000,96256.600000,7374645382779888015,null,7,6,0
1207,601,71.71,71.710000,340268.000000,96259.600000,18107490990878167394,null,7,6,0
1208,608,68.77,68.770000,308228.000000,96259.600000,15479140497189087039,null,7,6,0
1209,616,68.77,68.770000,308228.000000,96259.600000,4275060667159317274,null,7,6,0
1210,623,78.36,78.360000,365999.000000,79201.700000,707684167786318691,null,7,6,0
1211,630,68.77,68.770000,308228.000000,96259.600000,4759616907085510989,null,7,6,0
1212,637,70.45,70.450000,308228.000000,91092.600000,1944318805566282685,null,7,6,0
1213,645,68.77,68.770000,308228.000000,96259.600000,9805196967184885889,null,7,6,0
1214,652,68.77,68.770000,308228.000000,96259.600000,17058770662652483097,null,7,6,0
1215,658,72.23,72.230000,346678.000000,96255.500000,231394168602269674,null,7,6,0
1216,665,68.77,68.770000,308228.000000,96259.600000,4186761957014608454,null,7,6,0
1217,673,69.4,69.400000,314597.000000,96262.400000,14836483423070443809,null,7,6,0
1218,680,68.77,68.770000,308228.000000,96259.600000,18417561179455769977,null,7,6,0
1219,687,70.02,70.020000,321060.000000,96259.600000,5077282849828556381,null,7,6,0
1220,694,68.77,68.770000,308228.000000,96259.600000,11359661204155506722,null,7,6,0
1221,572,70.24,70.240000,314525.000000,93609.700000,4053556775539085669,null,8,6,0
1222,582,59.48,59.480000,237578.000000,96277.100000,13762613963234308746,null,8,6,0
1223,591,78.36,78.360000,365999.000000,79201.700000,15848371162846148250,null,8,6,0
1224,601,59.48,59.480000,237578.000000,96277.100000,13300984229520041555,null,8,6,0
1225,609,75.3,75.300000,359542.000000,88809.000000,2250574147287284890,null,8,6,0
1226,620,60.36,60.360000,237578.000000,94171.800000,15850991022399772929,null,8,6,0
1227,629,72.44,72.440000,346707.000000,95541.000000,7386576606941820879,null,8,6,0
1228,637,51.1,51.100000,192539.000000,94151.100000,6553411579000185953,null,8,6,0
1229,643,70.4,70.400000,314537.000000,93105.100000,7349094260449187148,null,8,6,0
1230,649,70,70.000000,320952.000000,96296.400000,13340222165061355311,null,8,6,0
1231,657,81.5,81.500000,488299.000000,90329.100000,14972886424626381224,null,8,6,0
1232,664,26.74,26.740000,128510.000000,94148.000000,36880331758465052,null,8,6,0
1233,672,36.57,36.570000,141293.000000,89627.600000,10853066911089498718,null,8,6,0
1234,679,31.86,31.860000,141286.000000,96272.900000,3820404451889814720,null,8,6,0
1235,685,27.08,27.080000,128519.000000,93717.100000,2948572805988060676,null,8,6,0
1236,692,72.38,72.380000,327381.000000,90435.800000,17665217933864713534,null,8,6,0
1237,701,31.59,31.590000,134933.000000,92305.100000,393090979738362826,null,8,6,0
1238,707,70.66,70.660000,320880.000000,94139.100000,5251710792604252676,null,8,6,0
1239,571,71.37,71.370000,327381.000000,93739.800000,9252192285576008954,null,9,6,0
1240,577,68.75,68.750000,308143.000000,96281.600000,11292613595034195828,null,9,6,0
1241,583,75.8,75.800000,327381.000000,79228.200000,11823021222338165212,null,9,6,0
1242,589,68.75,68.750000,308143.000000,96281.600000,11869176877145335151,null,9,6,0
1243,595,70.66,70.660000,320941.000000,94151.200000,1274977115255730468,null,9,6,0
1244,600,68.75,68.750000,308143.000000,96281.600000,7100146522178959513,null,9,6,0
1245,606,68.75,68.750000,308143.000000,96281.600000,973805535079691913,null,9,6,0
1246,612,70,70.000000,320953.000000,96276.800000,8099203173777385510,null,9,6,0
1247,618,69.39,69.390000,314543.000000,96274.000000,10622194743475315691,null,9,6,0
1248,624,68.75,68.750000,308143.000000,96281.600000,13734992043977214776,null,9,6,0
1249,631,71.57,71.570000,327381.000000,93068.800000,6231501526858738610,null,9,6,0
1250,637,68.75,68.750000,308143.000000,96281.600000,6017263429596795265,null,9,6,0
1251,643,70.99,70.990000,320935.000000,93092.700000,4663315151281896382,null,9,6,0
1252,649,68.75,68.750000,308143.000000,96281.600000,14945555172699890336,null,9,6,0
1253,654,70,70.000000,320938.000000,96282.900000,1472482315897578460,null,9,6,0
1254,660,70.59,70.590000,327381.000000,96282.000000,11823813959030816641,null,9,6,0
1255,667,68.74,68.740000,308094.000000,96295.400000,16250759266446678516,null,9,6,0
1256,673,70,70.000000,320939.000000,96294.600000,17871306562709368394,null,9,6,0
1257,572,78.36,78.360000,365999.000000,79212.300000,7460160440666965118,null,10,6,0
1258,578,77.15,77.150000,346678.000000,79201.700000,16187355492164273281,null,10,6,0
1259,584,77.15,77.150000,346678.000000,79201.700000,8183570661668674705,null,10,6,0
1260,590,77.15,77.150000,346678.000000,79201.700000,12238443470825743821,null,10,6,0
1261,596,73.46,73.460000,346678.000000,92000.800000,12820314321094495022,null,10,6,0
1262,602,73.46,73.460000,346678.000000,92000.800000,14603128254077083409,null,10,6,0
1263,608,73.46,73.460000,346678.000000,92000.800000,4625255713256209035,null,10,6,0
1264,614,73.46,73.460000,346678.000000,92000.800000,17696470445946552217,null,10,6,0
1265,620,73.46,73.460000,346678.000000,92000.800000,8640182305910998138,null,10,6,0
1266,627,71.23,71.230000,308140.000000,88658.500000,846216280271065780,null,10,6,0
1267,634,70.39,70.390000,308140.000000,91245.000000,10413772750566006291,null,10,6,0
1268,641,69.28,69.280000,308140.000000,94659.300000,13348445845866035901,null,10,6,0
1269,648,69.28,69.280000,308140.000000,94659.300000,6365064106719378179,null,10,6,0
1270,655,72.69,72.690000,346678.000000,94670.000000,58054119909559988,null,10,6,0
1271,663,70.6,70.600000,327408.000000,96247.800000,7601578222617464842,null,10,6,0
1272,670,69.28,69.280000,308140.000000,94659.300000,9204311020892397644,null,10,6,0
1273,677,72.7,72.700000,346678.000000,94660.200000,5675526874493551329,null,10,6,0
1274,683,70.6,70.600000,327379.000000,96254.800000,5752857745539296546,null,10,6,0
1275,573,75.81,75.810000,327401.000000,79212.000000,14542979001045776666,null,11,6,0
1276,581,75.81,75.810000,327401.000000,79213.000000,10167005185918794420,null,11,6,0
1277,589,75.37,75.370000,327401.000000,80638.800000,16269757847391146653,null,11,6,0
1278,596,75.81,75.810000,327401.000000,79213.100000,2135035084171732323,null,11,6,0
1279,602,69.38,69.380000,314500.000000,96288.600000,10893896605800298726,null,11,6,0
1280,608,69.39,69.390000,314540.000000,96280.000000,8944366610995467953,null,11,6,0
1281,614,69.98,69.980000,320937.000000,96340.600000,8479473449838284778,null,11,6,0
1282,620,69.38,69.380000,314500.000000,96288.600000,8491439122079141638,null,11,6,0
1283,626,69.38,69.380000,314500.000000,96288.600000,10770595113166076724,null,11,6,0
1284,633,70,70.000000,320925.000000,96288.600000,10609815374108729381,null,11,6,0
1285,639,66.67,66.670000,288910.000000,96288.600000,3136863654939579212,null,11,6,0
1286,648,75.81,75.810000,327401.000000,79213.200000,9974289092516828675,null,11,6,0
1287,654,66.67,66.670000,288910.000000,96288.600000,313282833128368078,null,11,6,0
1288,660,69.39,69.390000,314556.000000,96273.900000,2706631718339879246,null,11,6,0
1289,666,70,70.000000,320958.000000,96288.600000,17949621082443905684,null,11,6,0
1290,675,78.36,78.360000,365999.000000,79212.300000,12409498968549481122,null,11,6,0
1291,681,66.67,66.670000,288910.000000,96288.600000,538424029949472663,null,11,6,0
1292,687,66.67,66.670000,288910.000000,96288.600000,8930339273902811636,null,11,6,0
1293,572,77.15,77.150000,346678.000000,79201.700000,8874158016933565605,null,12,6,0
1294,578,77.15,77.150000,346678.000000,79201.700000,7596591702498938831,null,12,6,0
1295,585,77.15,77.150000,346678.000000,79201.700000,10684286485134479888,null,12,6,0
1296,592,75,75.000000,346678.000000,86683.300000,3263280691682675003,null,12,6,0
1297,600,75,75.000000,346678.000000,86683.300000,6091405041453101718,null,12,6,0
1298,610,78.36,78.360000,365999.000000,79201.700000,8948187531291913948,null,12,6,0
1299,617,73.85,73.850000,327381.000000,85610.800000,2096503680549859604,null,12,6,0
1300,624,73.85,73.850000,327381.000000,85610.800000,14867766877414869202,null,12,6,0
1301,631,73.28,73.280000,327381.000000,87481.200000,16143932152351341383,null,12,6,0
1302,638,74.48,74.480000,327381.000000,83534.400000,9635784989459909235,null,12,6,0
1303,645,73.28,73.280000,327381.000000,87481.200000,8433782239576535678,null,12,6,0
1304,652,73.28,73.280000,327381.000000,87481.200000,1761863730957205232,null,12,6,0
1305,659,73.28,73.280000,327381.000000,87481.200000,10524055419170755370,null,12,6,0
1306,666,73.28,73.280000,327381.000000,87481.200000,9981994119924230150,null,12,6,0
1307,673,73.28,73.280000,327381.000000,87481.200000,14291131694088622813,null,12,6,0
1308,680,73.81,73.810000,333809.000000,87441.200000,1606623496078584157,null,12,6,0
1309,685,68.76,68.760000,308144.000000,96279.300000,11642346412765407033,null,12,6,0
1310,691,68.76,68.760000,308144.000000,96279.300000,7583182811317752183,null,12,6,0
1311,574,71.72,71.720000,340307.000000,96253.300000,9897032199323220876,null,13,6,0
1312,583,71.72,71.720000,340307.000000,96253.300000,1695397801064466974,null,13,6,0
1313,592,80.11,80.110000,365999.000000,72793.300000,5789635589954815464,null,13,6,0
1314,601,71.72,71.720000,340307.000000,96253.300000,6504071679192368553,null,13,6,0
1315,610,72.24,72.240000,346684.000000,96254.600000,11451243753377537289,null,13,6,0
1316,618,70.6,70.600000,327480.000000,96279.500000,10698131454327759255,null,13,6,0
1317,627,70.6,70.600000,327480.000000,96279.500000,10327464900921002367,null,13,6,0
1318,635,70.6,70.600000,327480.000000,96279.500000,6843074253762795670,null,13,6,0
1319,641,65.91,65.910000,282412.000000,96274.900000,12190245680078168667,null,13,6,0
1320,647,65.91,65.910000,282412.000000,96274.900000,10708400068540633525,null,13,6,0
1321,653,65.91,65.910000,282412.000000,96274.900000,13457587463638098045,null,13,6,0
1322,659,78.36,78.360000,365999.000000,79212.300000,7978852369981173881,null,13,6,0
1323,665,73.22,73.220000,359519.000000,96269.200000,12928800279071599586,null,13,6,0
1324,671,65.91,65.910000,282412.000000,96274.900000,2157708520018345235,null,13,6,0
1325,677,65.91,65.910000,282412.000000,96274.800000,17211841552800481170,null,13,6,0
1326,683,73.7,73.700000,365984.000000,96251.800000,5426468776087316837,null,13,6,0
1327,689,65.91,65.910000,282412.000000,96274.900000,15188028258342385065,null,13,6,0
1328,695,73.69,73.690000,365984.000000,96281.200000,11262628546299163834,null,13,6,0
1329,571,70.07,70.070000,314558.000000,94148.300000,14109632421370516137,null,14,6,0
1330,577,70.01,70.010000,320972.000000,96266.000000,18042575949681901038,null,14,6,0
1331,582,70.01,70.010000,320972.000000,96266.000000,14205695069179112230,null,14,6,0
1332,588,70.59,70.590000,327381.000000,96279.100000,1928502679394854840,null,14,6,0
1333,594,70.6,70.600000,327401.000000,96262.100000,3226811702588943174,null,14,6,0
1334,601,73.73,73.730000,359571.000000,94474.900000,10260578130930291301,null,14,6,0
1335,606,70.01,70.010000,320972.000000,96266.000000,4590557613207092942,null,14,6,0
1336,612,70.01,70.010000,320972.000000,96266.000000,5714671703380579370,null,14,6,0
1337,618,69.4,69.400000,314560.000000,96266.000000,8681418014681030204,null,14,6,0
1338,623,68.76,68.760000,308162.000000,96266.200000,2019202154292176942,null,14,6,0
1339,629,70.59,70.590000,327389.000000,96272.300000,10873171853564747508,null,14,6,0
1340,634,70.59,70.590000,327401.000000,96278.500000,3552346248007768159,null,14,6,0
1341,640,76.94,76.940000,417516.000000,96258.800000,4506253526340793866,null,14,6,0
1342,645,68.76,68.760000,308162.000000,96266.200000,7757741411762161731,null,14,6,0
1343,651,68.76,68.760000,308162.000000,96266.200000,14137992609477676695,null,14,6,0
1344,656,68.76,68.760000,308162.000000,96266.200000,4899840960429659313,null,14,6,0
1345,662,68.76,68.760000,308162.000000,96266.200000,11417779749218056583,null,14,6,0
1346,668,68.68,68.680000,308114.000000,96494.300000,15507657598374592165,null,14,6,0
1347,573,70.6,70.600000,327441.000000,96280.700000,7088743268005107285,null,15,6,0
1348,581,71.24,71.240000,327441.000000,94164.700000,6346971400565957076,null,15,6,0
1349,588,70.6,70.600000,327441.000000,96280.700000,3132748695768411425,null,15,6,0
1350,596,70.6,70.600000,327441.000000,96280.700000,4236494594299447782,null,15,6,0
1351,602,69.39,69.390000,314518.000000,96277.000000,11322218514342589169,null,15,6,0
1352,609,69.39,69.390000,314530.000000,96279.500000,3551450300187053950,null,15,6,0
1353,615,70.01,70.010000,320936.000000,96254.700000,8785931319246632347,null,15,6,0
1354,622,31.9,31.900000,141365.000000,96270.000000,3968046326294925439,null,15,6,0
1355,629,70.59,70.590000,327366.000000,96279.600000,13022090305520141648,null,15,6,0
1356,635,31.9,31.900000,141365.000000,96270.000000,14950019035329840044,null,15,6,0
1357,642,69.39,69.390000,314552.000000,96279.600000,1536337123074430317,null,15,6,0
1358,648,31.9,31.900000,141365.000000,96270.000000,16129650675762414642,null,15,6,0
1359,655,31.9,31.900000,141365.000000,96270.000000,15050061262834865966,null,15,6,0
1360,662,75.8,75.800000,327381.000000,79213.000000,4236752469199934910,null,15,6,0
1361,668,70,70.000000,320953.000000,96277.900000,5931010953240126844,null,15,6,0
1362,675,31.9,31.900000,141365.000000,96270.000000,11437755962471721081,null,15,6,0
1363,682,31.9,31.900000,141365.000000,96270.000000,6351530351441033156,null,15,6,0
1364,688,31.9,31.900000,141365.000000,96270.000000,9962565717075149048,null,15,6,0
