EvalID,TimeEvaluated,SolverRuntimeSeconds,ObjectiveValue,Gap,UpperBound,LowerBound,ConfigID,MipStartID,WorkerID,Iteration,Phase
1,5,5.010053,58.43,58.430000,0.055334,0.023001,14921508010286178949,null,0,1,0
2,10,5.010265,57.54,57.540000,0.055334,0.023493,2823934824078185206,null,0,1,0
3,15,5.009322,57.79,57.790000,0.055334,0.023355,14403042972698526843,null,0,1,0
4,20,5.009461,54.2,54.200000,0.055334,0.025340,17878160102696106270,null,0,1,0
5,25,5.024527,47.78,47.780000,0.055334,0.028894,4610383330787987577,null,0,1,0
6,30,5.016797,47.78,47.780000,0.055334,0.028894,10074156645432980067,null,0,1,0
7,35,5.011139,47.58,47.580000,0.055334,0.029003,6746849854420353714,null,0,1,0
8,40,5.009654,47.78,47.780000,0.055334,0.028894,2387415423671594235,null,0,1,0
9,45,5.009081,48.35,48.350000,0.055334,0.028579,737907278576068096,null,0,1,0
10,50,5.008821,48.35,48.350000,0.055334,0.028579,12844500582449113057,null,0,1,0
11,55,5.008631,48.62,48.620000,0.055334,0.028431,13044033846340140179,null,0,1,0
12,61,5.009283,48.48,48.480000,0.055334,0.028508,6768700947673352819,null,0,1,0
13,66,5.011903,57.02,57.020000,0.055334,0.023780,13711997355972154352,null,0,1,0
14,71,5.017156,48.62,48.620000,0.055334,0.028431,14583635838011523022,null,0,1,0
15,76,5.012773,82.17,82.170000,0.071139,0.012683,9459119189634806460,null,0,1,0
16,81,5.014364,47.58,47.580000,0.055334,0.029003,10302398071474894576,null,0,1,0
17,86,5.008329,68.48,68.480000,0.055334,0.017439,11109008724643728651,null,0,1,0
18,91,5.009298,49.09,49.090000,0.055334,0.028171,621908316051379523,null,0,1,0
19,96,5.008785,47.89,47.890000,0.055334,0.028833,11400605611520483391,null,0,1,0
20,101,5.009953,49.21,49.210000,0.055334,0.028106,11453744212688105679,null,0,1,0
21,5,5.015450,66.37,66.370000,0.055334,0.018610,8723278136865304665,null,1,1,0
22,10,5.009270,68.48,68.480000,0.055334,0.017439,4970148594231515670,null,1,1,0
23,15,5.012750,66.37,66.370000,0.055334,0.018610,2098913149819046562,null,1,1,0
24,20,5.009200,42.15,42.150000,0.055334,0.032010,16096926607947553079,null,1,1,0
25,25,5.008900,42.15,42.150000,0.055334,0.032010,16694637474619434949,null,1,1,0
26,30,5.014520,42.15,42.150000,0.055334,0.032010,17806737890496766564,null,1,1,0
27,35,5.008580,42.15,42.150000,0.055334,0.032013,16013003481142567195,null,1,1,0
28,40,5.007990,42.15,42.150000,0.055334,0.032013,1397933428060168984,null,1,1,0
29,45,5.013000,42.48,42.480000,0.055334,0.031829,5551141266148242684,null,1,1,0
30,50,5.008800,42.74,42.740000,0.055334,0.031682,12387477770196574076,null,1,1,0
31,55,5.007660,32.01,32.010000,0.055334,0.037619,3975472869781090716,null,1,1,0
32,61,5.007260,32.01,32.010000,0.055334,0.037619,15178792509274415675,null,1,1,0
33,66,5.009150,32.01,32.010000,0.055334,0.037619,12399640026276527436,null,1,1,0
34,71,5.006360,32.01,32.010000,0.055334,0.037619,9989620605804901142,null,1,1,0
35,76,5.015190,43.46,43.460000,0.055334,0.031284,1675236423906116666,null,1,1,0
36,81,5.007560,32.01,32.010000,0.055334,0.037619,965866171112533734,null,1,1,0
37,86,5.008160,32.01,32.010000,0.055334,0.037619,5327875054685139413,null,1,1,0
38,91,5.008960,32.15,32.150000,0.055334,0.037542,17715335266901144800,null,1,1,0
39,96,5.009190,65.62,65.620000,0.055334,0.019024,16726444747262400062,null,1,1,0
40,101,5.014140,32.2,32.200000,0.055334,0.037517,10014504415558603801,null,1,1,0
41,5,5.012750,82.17,82.170000,0.071139,0.012683,15446065792237984030,null,2,1,0
42,10,5.013820,82.17,82.170000,0.071139,0.012683,4202048695090355429,null,2,1,0
43,15,5.011620,82.17,82.170000,0.071139,0.012683,1438553583210240060,null,2,1,0
44,20,5.013540,82.17,82.170000,0.071139,0.012683,18348230643339525308,null,2,1,0
45,25,5.011950,82.17,82.170000,0.071139,0.012683,4191205017993244521,null,2,1,0
46,30,5.012540,82.17,82.170000,0.071139,0.012683,11653280150158819812,null,2,1,0
47,35,5.010800,82.17,82.170000,0.071139,0.012683,18094935684124116638,null,2,1,0
48,40,5.009920,82.17,82.170000,0.071139,0.012683,8549353452254005399,null,2,1,0
49,45,5.012430,75.12,75.120000,0.055334,0.013766,11057048612570833976,null,2,1,0
50,50,5.009500,74.41,74.410000,0.055334,0.014158,1753861846112960999,null,2,1,0
51,56,5.006520,74.79,74.790000,0.055334,0.013949,1279652862385182717,null,2,1,0
52,61,5.007170,74.41,74.410000,0.055334,0.014158,15718774513961234966,null,2,1,0
53,66,5.013310,74.41,74.410000,0.055334,0.014158,11544263050562472445,null,2,1,0
54,71,5.008230,74.41,74.410000,0.055334,0.014158,2760403083402109054,null,2,1,0
55,76,5.010610,66.37,66.370000,0.055334,0.018608,5033571101632684358,null,2,1,0
56,81,5.007670,66.37,66.370000,0.055334,0.018608,4236992833722376650,null,2,1,0
57,86,5.009850,72.87,72.870000,0.055334,0.015012,16902811106790244085,null,2,1,0
58,91,5.007720,66.37,66.370000,0.055334,0.018610,3693654996687514046,null,2,1,0
59,96,5.018390,100,100.000000,38.110600,0.000013,7482593112902403183,null,2,1,0
60,101,5.007400,65.62,65.620000,0.055334,0.019024,7481237444443154781,null,2,1,0
61,5,5.010200,53.7,53.700000,0.055334,0.025621,14075347302301588864,null,3,1,0
62,10,5.008700,53.7,53.700000,0.055334,0.025621,13805086800485329465,null,3,1,0
63,15,5.008330,53.49,53.490000,0.055334,0.025735,14167589269659174657,null,3,1,0
64,20,5.008060,53.59,53.590000,0.055334,0.025683,17269410059696686125,null,3,1,0
65,25,5.009540,53.49,53.490000,0.055334,0.025735,9518272121410403393,null,3,1,0
66,30,5.022430,53.49,53.490000,0.055334,0.025735,17433059571872486727,null,3,1,0
67,35,5.008350,53.49,53.490000,0.055334,0.025735,1596292570019657289,null,3,1,0
68,40,5.010070,57.02,57.020000,0.055334,0.023780,3597401242563875515,null,3,1,0
69,45,5.009980,57.02,57.020000,0.055334,0.023780,10796401995563952630,null,3,1,0
70,50,5.016240,47.78,47.780000,0.055334,0.028894,2492822618780898882,null,3,1,0
71,55,5.010420,82.17,82.170000,0.071139,0.012683,14193388447768008605,null,3,1,0
72,61,5.009010,47.09,47.090000,0.055334,0.029278,13667718170290194343,null,3,1,0
73,66,5.010470,48.39,48.390000,0.055334,0.028556,11091682640533073356,null,3,1,0
74,71,5.010430,47.81,47.810000,0.055334,0.028877,6516676601275356200,null,3,1,0
75,76,5.011110,51.11,51.110000,0.055334,0.027053,5679433051114224593,null,3,1,0
76,81,5.008870,48.1,48.100000,0.055334,0.028721,5511887050147072317,null,3,1,0
77,86,5.014130,46.33,46.330000,0.055334,0.029699,1983380762844233806,null,3,1,0
78,91,5.010100,47.08,47.080000,0.055334,0.029285,59793191364188977,null,3,1,0
79,96,5.007960,47.08,47.080000,0.055334,0.029285,13251327437939877752,null,3,1,0
80,101,5.011680,82.17,82.170000,0.071139,0.012683,10496289504042184298,null,3,1,0
81,5,5.014650,100,100.000000,38.110600,0.000013,3607391237478288220,null,4,1,0
82,10,5.014870,100,100.000000,38.110600,0.000013,17425034657188371328,null,4,1,0
83,15,5.012590,100,100.000000,38.110600,0.000013,3517342209003059921,null,4,1,0
84,20,5.012870,100,100.000000,38.110600,0.000013,4852650198527644781,null,4,1,0
85,25,5.013000,100,100.000000,38.110600,0.000013,15772103726656257983,null,4,1,0
86,30,5.012700,100,100.000000,38.110600,0.000013,675707202377360244,null,4,1,0
87,35,5.007570,71.29,71.290000,0.055334,0.015887,9264880667971328282,null,4,1,0
88,40,5.019390,60.11,60.110000,0.055334,0.022074,2585152864158812208,null,4,1,0
89,45,5.010810,60.11,60.110000,0.055334,0.022074,3147649134548714649,null,4,1,0
90,50,5.011670,60.11,60.110000,0.055334,0.022074,10647621060704497377,null,4,1,0
91,55,5.011300,59.99,59.990000,0.055334,0.022137,10024374159729841233,null,4,1,0
92,61,5.011390,82.17,82.170000,0.071139,0.012683,16155159069077338547,null,4,1,0
93,66,5.011500,60.68,60.680000,0.055334,0.021759,8038687475927045739,null,4,1,0
94,71,5.009470,60.15,60.150000,0.055334,0.022049,3240953409811357303,null,4,1,0
95,76,5.010170,64.2,64.200000,0.055334,0.019807,6559721125218560347,null,4,1,0
96,81,5.013420,60.53,60.530000,0.055334,0.021840,8294096720093158622,null,4,1,0
97,86,5.007610,71.29,71.290000,0.055334,0.015887,13721678644916727519,null,4,1,0
98,91,5.012510,60.53,60.530000,0.055334,0.021840,14463225643624694791,null,4,1,0
99,96,5.013170,60.53,60.530000,0.055334,0.021840,7633342126047193997,null,4,1,0
100,101,5.009970,59.99,59.990000,0.055334,0.022137,9402013357433257871,null,4,1,0
101,5,5.014150,100,100.000000,38.110600,0.000013,6128791737735043497,null,5,1,0
102,10,5.012900,100,100.000000,38.110600,0.000013,7476122385861717275,null,5,1,0
103,15,5.014190,100,100.000000,38.110600,0.000013,902467761583244035,null,5,1,0
104,20,5.013940,100,100.000000,38.110600,0.000013,2367558522957212399,null,5,1,0
105,25,5.009260,71.29,71.290000,0.055334,0.015887,11706000648323783891,null,5,1,0
106,30,5.006160,71.29,71.290000,0.055334,0.015887,6472551375322164322,null,5,1,0
107,35,5.007470,71.29,71.290000,0.055334,0.015887,9054336657336584842,null,5,1,0
108,40,5.008720,56.36,56.360000,0.055334,0.024148,16017145057763565876,null,5,1,0
109,45,5.009900,56.36,56.360000,0.055334,0.024148,6444406827823036927,null,5,1,0
110,50,5.009190,56.18,56.180000,0.055334,0.024245,7537824773677961398,null,5,1,0
111,55,5.011970,56.18,56.180000,0.055334,0.024245,596019504110825009,null,5,1,0
112,61,5.010210,56.18,56.180000,0.055334,0.024245,2644151367189606859,null,5,1,0
113,66,5.017070,56.18,56.180000,0.055334,0.024245,8008150129804691298,null,5,1,0
114,71,5.008360,57.67,57.670000,0.055334,0.023422,3038283420304434485,null,5,1,0
115,76,5.006310,50.69,50.690000,0.055334,0.027285,15057896518452035036,null,5,1,0
116,81,5.008500,50.69,50.690000,0.055334,0.027285,3367055023245597254,null,5,1,0
117,86,5.012510,82.17,82.170000,0.071139,0.012683,4400458985140176035,null,5,1,0
118,91,5.007280,50.84,50.840000,0.055334,0.027204,13129611379388877029,null,5,1,0
119,96,5.010730,50.69,50.690000,0.055334,0.027285,4086143748134125517,null,5,1,0
120,101,5.006050,41.31,41.310000,0.055334,0.032477,8512596063165563429,null,5,1,0
121,5,5.009780,42.79,42.790000,0.055334,0.031658,14016033152779600300,null,6,1,0
122,10,5.010200,100,100.000000,38.110600,0.000013,8902295658440993141,null,6,1,0
123,15,5.011750,42.79,42.790000,0.055334,0.031658,9162982493372142051,null,6,1,0
124,20,5.014740,42.77,42.770000,0.055334,0.031669,16649829036551454522,null,6,1,0
125,25,5.009600,42.79,42.790000,0.055334,0.031658,14227338889337950116,null,6,1,0
126,30,5.009570,42.78,42.780000,0.055334,0.031664,13869330802120015132,null,6,1,0
127,35,5.008050,56.36,56.360000,0.055334,0.024148,8865982235242296725,null,6,1,0
128,40,5.007870,34.64,34.640000,0.055334,0.036167,18029425804246342156,null,6,1,0
129,45,5.009510,34.19,34.190000,0.055334,0.036415,14844495629869267992,null,6,1,0
130,50,5.008310,34.19,34.190000,0.055334,0.036415,9232149511271755117,null,6,1,0
131,55,5.007250,34.19,34.190000,0.055334,0.036415,11895943973391092142,null,6,1,0
132,61,5.011160,42.79,42.790000,0.055334,0.031658,12437769939861526816,null,6,1,0
133,66,5.009690,34.25,34.250000,0.055334,0.036383,7030621396082456008,null,6,1,0
134,71,5.008010,34.25,34.250000,0.055334,0.036383,16073733971027336651,null,6,1,0
135,76,5.010190,42.79,42.790000,0.055334,0.031658,8618736205605271193,null,6,1,0
136,81,5.007610,34.25,34.250000,0.055334,0.036383,17555309353178153484,null,6,1,0
137,86,5.009120,35.38,35.380000,0.055334,0.035758,9791444318844370891,null,6,1,0
138,91,5.008460,34.25,34.250000,0.055334,0.036383,14633944138249550390,null,6,1,0
139,96,5.008760,34.25,34.250000,0.055334,0.036383,10886592356900991353,null,6,1,0
140,101,5.025000,43.92,43.920000,0.055334,0.031030,14831669032224868537,null,6,1,0
141,5,5.013740,100,100.000000,38.110600,0.000013,17459231772484832906,null,7,1,0
142,10,5.013250,100,100.000000,38.110600,0.000013,3270808954000123780,null,7,1,0
143,15,5.014220,100,100.000000,38.110600,0.000013,6281434940985222665,null,7,1,0
144,20,5.013220,100,100.000000,38.110600,0.000013,15086307549765646742,null,7,1,0
145,25,5.011760,100,100.000000,38.110600,0.000013,12482972597272955623,null,7,1,0
146,30,5.014370,100,100.000000,38.110600,0.000013,1198303351266495103,null,7,1,0
147,35,5.015590,100,100.000000,38.110600,0.000013,1338311107140312690,null,7,1,0
148,40,5.013190,100,100.000000,38.110600,0.000013,5899518252541370500,null,7,1,0
149,45,5.014930,100,100.000000,38.110600,0.000013,17376310748800922074,null,7,1,0
150,50,5.015270,100,100.000000,38.110600,0.000013,13082560938585046881,null,7,1,0
151,55,5.013690,100,100.000000,38.110600,0.000013,7408773035069117565,null,7,1,0
152,60,5.013780,100,100.000000,38.110600,0.000013,13126743677803658018,null,7,1,0
153,66,5.010050,50.07,50.070000,0.055334,0.027629,15510008459708385636,null,7,1,0
154,71,5.011040,49.84,49.840000,0.055334,0.027754,1414993522714777404,null,7,1,0
155,76,5.007040,71.29,71.290000,0.055334,0.015887,10578045911390145029,null,7,1,0
156,81,5.013910,49.83,49.830000,0.055334,0.027758,17742298469080837697,null,7,1,0
157,86,5.008590,49.83,49.830000,0.055334,0.027758,14397287023763627076,null,7,1,0
158,91,5.008350,49.83,49.830000,0.055334,0.027758,7953087225782404478,null,7,1,0
159,96,5.009860,48.47,48.470000,0.055334,0.028511,16726895221147851445,null,7,1,0
160,101,5.009360,48.39,48.390000,0.055334,0.028560,7700695570250845049,null,7,1,0
161,106,5.008665,33.24,33.240000,0.055334,0.036941,4851301606626778612,null,0,1,1
162,111,5.012220,32.58,32.580000,0.055334,0.037305,5221242035363253376,null,0,1,1
163,116,5.011861,32.78,32.780000,0.055334,0.037195,8080054153723222739,null,0,1,1
164,122,5.010576,32.78,32.780000,0.055334,0.037195,7498702720356857677,null,0,1,1
165,106,5.008771,33.16,33.160000,0.055334,0.036986,11734864321539921197,null,1,1,1
166,111,5.010690,38.56,38.560000,0.055334,0.033996,8867972116211029430,null,1,1,1
167,116,5.008044,44.89,44.890000,0.055334,0.030493,18061155626303116210,null,1,1,1
168,122,5.008777,28.14,28.140000,0.055334,0.039761,15219191818948038245,null,1,1,1
169,106,5.008786,64.59,64.590000,0.055334,0.019596,10766036819566950941,null,2,1,1
170,111,5.007716,65.62,65.620000,0.055334,0.019024,17146950907397561187,null,2,1,1
171,116,5.008274,32.82,32.820000,0.055334,0.037175,10201377214714150307,null,2,1,1
172,122,5.008424,32.82,32.820000,0.055334,0.037175,910374257537451905,null,2,1,1
173,106,5.011001,32.78,32.780000,0.055334,0.037195,6556887806568935278,null,3,1,1
174,111,5.010337,32.78,32.780000,0.055334,0.037195,17689887125851723018,null,3,1,1
175,116,5.009050,32.78,32.780000,0.055334,0.037195,18049385766996036873,null,3,1,1
176,122,5.009502,32.78,32.780000,0.055334,0.037195,14084807360866767461,null,3,1,1
177,106,5.010192,32.78,32.780000,0.055334,0.037195,118900285991715423,null,4,1,1
178,111,5.009982,32.78,32.780000,0.055334,0.037195,10839919288188892795,null,4,1,1
179,116,5.012744,32.78,32.780000,0.055334,0.037195,8566663629966095295,null,4,1,1
180,122,5.008464,42.39,42.390000,0.063216,0.036418,11659344749128305764,null,4,1,1
181,106,5.011512,36.61,36.610000,0.055334,0.035075,16801759263220195487,null,5,1,1
182,111,5.010814,36.57,36.570000,0.055334,0.035099,3357638540648749233,null,5,1,1
183,116,5.007994,36.43,36.430000,0.055334,0.035175,7979659602259420975,null,5,1,1
184,122,5.008873,36.35,36.350000,0.055334,0.035219,14632416860172625357,null,5,1,1
185,106,5.007049,32.01,32.010000,0.055334,0.037619,18092545338514401207,null,6,1,1
186,111,5.013874,32.01,32.010000,0.055334,0.037619,10901580909090528179,null,6,1,1
187,116,5.009223,32.01,32.010000,0.055334,0.037619,7980820776383642724,null,6,1,1
188,122,5.014028,32.01,32.010000,0.055334,0.037619,7121110458501684868,null,6,1,1
189,106,5.010541,32.8,32.800000,0.055334,0.037185,13563129180043685780,null,7,1,1
190,111,5.012012,34.23,34.230000,0.055334,0.036392,9404139433320400895,null,7,1,1
191,116,5.009050,32.01,32.010000,0.055334,0.037619,2122204482001846102,null,7,1,1
192,122,5.009696,32.01,32.010000,0.055334,0.037619,11451250877669137455,null,7,1,1
193,127,5.016066,35.64,35.640000,0.055334,0.035613,4971044129934938328,null,0,2,0
194,132,5.014879,26.14,26.140000,0.055334,0.040871,1137805687252284735,null,0,2,0
195,137,5.012080,25.61,25.610000,0.055334,0.041162,8068102304795292264,null,0,2,0
196,142,5.013126,36.33,36.330000,0.055334,0.035231,10685549667744326731,null,0,2,0
197,147,5.008762,25.64,25.640000,0.055334,0.041147,585110683309244744,null,0,2,0
198,152,5.018871,25.65,25.650000,0.055334,0.041142,12130872070553654389,null,0,2,0
199,157,5.021388,39.21,39.210000,0.055334,0.033640,2637173047701285968,null,0,2,0
200,162,5.013658,38.73,38.730000,0.055334,0.033905,2021372975276462311,null,0,2,0
201,167,5.013442,28.43,28.430000,0.055334,0.039602,527431501294415934,null,0,2,0
202,172,5.013145,27.35,27.350000,0.055334,0.040203,12770389417668848675,null,0,2,0
203,178,5.012365,27.35,27.350000,0.055334,0.040203,11603630178114072081,null,0,2,0
204,183,5.014925,27.03,27.030000,0.055334,0.040377,6541396131571668498,null,0,2,0
205,127,5.007110,27.01,27.010000,0.055334,0.040388,15219191818948038244,1,1,2,0
206,132,5.006810,55.59,55.590000,0.055334,0.024573,15560031649262879386,1,1,2,0
207,137,5.013570,34.93,34.930000,0.055334,0.036006,378532613716526071,1,1,2,0
208,142,5.008620,25.63,25.630000,0.055334,0.041152,13431976547432878257,1,1,2,0
209,147,5.007810,25.65,25.650000,0.055334,0.041142,8998963556274376703,1,1,2,0
210,152,5.008300,25.65,25.650000,0.055334,0.041142,10416817799432790520,1,1,2,0
211,157,5.009070,48.48,48.480000,0.055334,0.028509,13170199439219029643,1,1,2,0
212,163,5.008140,27.42,27.420000,0.055334,0.040163,16564197525455486688,1,1,2,0
213,168,5.010070,28.41,28.410000,0.055334,0.039615,1388066054501042758,1,1,2,0
214,173,5.009660,26.33,26.330000,0.055334,0.040766,2275877564447786987,1,1,2,0
215,178,5.010130,27.82,27.820000,0.055334,0.039940,2542341687052348455,1,1,2,0
216,183,5.010700,27.82,27.820000,0.055334,0.039940,3566613219992857011,1,1,2,0
217,127,5.016720,64.19,64.190000,0.055334,0.019817,3551948392473692297,null,2,2,0
218,132,5.019070,69.06,69.060000,0.055334,0.017122,17783721701336730815,null,2,2,0
219,137,5.014950,64.19,64.190000,0.055334,0.019817,16845162160181598501,null,2,2,0
220,142,5.016870,64.19,64.190000,0.055334,0.019817,2760763938848523259,null,2,2,0
221,147,5.015330,64.19,64.190000,0.055334,0.019817,9931086014572692515,null,2,2,0
222,152,5.017770,64.19,64.190000,0.055334,0.019817,92482473308113561,null,2,2,0
223,157,5.016910,52.73,52.730000,0.055334,0.026159,10854096469525855245,null,2,2,0
224,162,5.007660,99.83,99.830000,0.086906,0.000148,17071364312581662662,null,2,2,0
225,167,5.013610,54.27,54.270000,0.055334,0.025303,175726903247128517,null,2,2,0
226,172,5.010550,52.73,52.730000,0.055334,0.026159,16377480997675417536,null,2,2,0
227,178,5.014760,52.73,52.730000,0.055334,0.026159,15051158833652950853,null,2,2,0
228,183,5.016520,52.73,52.730000,0.055334,0.026159,2828906016725570328,null,2,2,0
229,127,5.007790,83.95,83.950000,0.078999,0.012683,9290982646368964404,null,3,2,0
230,132,5.007070,83.95,83.950000,0.078999,0.012683,7469618464053429228,null,3,2,0
231,137,5.008350,83.95,83.950000,0.078999,0.012683,10831306215174159524,null,3,2,0
232,142,5.007510,83.95,83.950000,0.078999,0.012683,2026086761240898582,null,3,2,0
233,147,5.007570,83.95,83.950000,0.078999,0.012683,7810011397633726149,null,3,2,0
234,152,5.008640,83.95,83.950000,0.078999,0.012683,9604519453823758926,null,3,2,0
235,157,5.011030,83.95,83.950000,0.078999,0.012683,11476830298723440823,null,3,2,0
236,162,5.009180,82.17,82.170000,0.071139,0.012683,6574849873881712843,null,3,2,0
237,167,5.010290,82.17,82.170000,0.071139,0.012683,3179628808069951545,null,3,2,0
238,172,5.009710,82.17,82.170000,0.071139,0.012683,6712069369308002769,null,3,2,0
239,177,5.009500,82.17,82.170000,0.071139,0.012683,5843020160435055153,null,3,2,0
240,182,5.019480,82.17,82.170000,0.071139,0.012683,2425711063075986549,null,3,2,0
241,127,5.008560,100,100.000000,38.110600,0.000013,5356032441891907736,null,4,2,0
242,132,5.012190,100,100.000000,38.110600,0.000013,19381139163261140,null,4,2,0
243,137,5.008140,39.94,39.940000,0.055334,0.033235,2938489413116915348,null,4,2,0
244,142,5.007690,100,100.000000,38.110600,0.000013,16922105280331344858,null,4,2,0
245,147,5.008170,50.26,50.260000,0.055334,0.027525,18180408964945607474,null,4,2,0
246,152,5.006770,39.94,39.940000,0.055334,0.033235,8771572964812098691,null,4,2,0
247,157,5.014770,48.52,48.520000,0.055334,0.028488,8796015014754805784,null,4,2,0
248,162,5.007360,100,100.000000,38.110600,0.000013,7355068065502164659,null,4,2,0
249,167,5.009810,39.94,39.940000,0.055334,0.033235,1904628357603929923,null,4,2,0
250,172,5.007760,71.35,71.350000,0.055334,0.015854,16317648897683629690,null,4,2,0
251,177,5.005690,39.94,39.940000,0.055334,0.033235,5740605809727426407,null,4,2,0
252,183,5.007190,39.94,39.940000,0.055334,0.033235,1981106043663011635,null,4,2,0
253,127,5.013430,83.95,83.950000,0.078999,0.012683,1528115161661612900,null,5,2,0
254,132,5.013630,83.95,83.950000,0.078999,0.012683,15171238558128903737,null,5,2,0
255,137,5.012820,82.17,82.170000,0.071139,0.012683,6292890276510156235,null,5,2,0
256,142,5.010950,82.17,82.170000,0.071139,0.012683,9310192217130316981,null,5,2,0
257,147,5.012100,82.17,82.170000,0.071139,0.012683,14907597015365910882,null,5,2,0
258,152,5.018020,82.17,82.170000,0.071139,0.012683,11186748039208564924,null,5,2,0
259,157,5.011270,82.17,82.170000,0.071139,0.012683,9896645809232247626,null,5,2,0
260,162,5.064150,100,100.000000,6.079090,0.000013,539997521572293542,null,5,2,0
261,167,5.011350,83.95,83.950000,0.078999,0.012683,536676526102421276,null,5,2,0
262,172,5.009850,82.17,82.170000,0.071139,0.012683,6321858558386073460,null,5,2,0
263,177,5.049540,100,100.000000,6.079090,0.000013,18112809997058337368,null,5,2,0
264,183,5.010860,82.17,82.170000,0.071139,0.012683,486600902065176426,null,5,2,0
265,127,5.012820,51.7,51.700000,0.055334,0.026728,6022070144765292810,null,6,2,0
266,132,5.012960,51.7,51.700000,0.055334,0.026728,17558782026805991515,null,6,2,0
267,137,5.010730,52.15,52.150000,0.055334,0.026476,12391509964838332064,null,6,2,0
268,142,5.036320,68.48,68.480000,0.055334,0.017439,4344767276253816557,null,6,2,0
269,147,5.012000,51.7,51.700000,0.055334,0.026728,360937998129113419,null,6,2,0
270,152,5.011340,74.21,74.210000,0.055334,0.014271,15040756359532494051,null,6,2,0
271,157,5.011500,27.03,27.030000,0.055334,0.040376,10930739678715467441,null,6,2,0
272,162,5.011170,52.26,52.260000,0.055334,0.026416,11588442302072708849,null,6,2,0
273,167,5.017650,68.48,68.480000,0.055334,0.017439,12308139417558693421,null,6,2,0
274,172,5.017620,68.48,68.480000,0.055334,0.017439,8490420873208831,null,6,2,0
275,178,5.012710,27.07,27.070000,0.055334,0.040353,3486647043949036633,null,6,2,0
276,183,5.009180,27.07,27.070000,0.055334,0.040353,1905542306706354321,null,6,2,0
277,127,5.010480,46.06,46.060000,0.055334,0.029846,18123501544465646750,null,7,2,0
278,132,5.010270,49.94,49.940000,0.055334,0.027697,977140954643309326,null,7,2,0
279,137,5.009810,45.45,45.450000,0.055334,0.030186,943249869593889692,null,7,2,0
280,142,5.013380,45.45,45.450000,0.055334,0.030186,960647871182866829,null,7,2,0
281,147,5.013120,43.75,43.750000,0.055334,0.031123,677582364451210942,null,7,2,0
282,152,5.010010,43.75,43.750000,0.055334,0.031123,18434845353008215364,null,7,2,0
283,157,5.008130,52.15,52.150000,0.055334,0.026476,8022122776689033454,null,7,2,0
284,162,5.011490,43.75,43.750000,0.055334,0.031123,4077808375356706551,null,7,2,0
285,167,5.014470,43.52,43.520000,0.055334,0.031255,16093340310030350459,null,7,2,0
286,173,5.010080,76.2,76.200000,0.055334,0.013167,3349561738995466632,null,7,2,0
287,178,5.010930,43.75,43.750000,0.055334,0.031123,837757109588738360,null,7,2,0
288,183,5.009190,43.75,43.750000,0.055334,0.031123,7681873326597851069,null,7,2,0
289,188,5.020004,27.23,27.230000,0.055334,0.040269,1959751096318105308,null,0,2,1
290,188,5.017995,85.73,85.730000,0.055334,0.007895,16397847519834607219,null,1,2,1
291,188,5.011574,24.45,24.450000,0.055334,0.041805,9637196906541662709,null,2,2,1
292,188,5.010380,1.79769e+308,,,0.000083,3789580451629842595,null,3,2,1
293,188,5.014129,25.6,25.600000,0.055334,0.041168,5628547784411429359,null,4,2,1
294,188,5.009211,100,100.000000,3916.000000,0.000000,4505132982359003692,null,5,2,1
295,188,5.010842,72.41,72.410000,0.063216,0.017439,14460683889547090755,null,6,2,1
296,188,5.032846,25.6,25.600000,0.055334,0.041168,15626490021970857836,null,7,2,1
297,193,5.008043,26.99,26.990000,0.055334,0.040401,2820652659201767740,null,0,3,0
298,198,5.007258,34.83,34.830000,0.055334,0.036060,4431811337724138492,null,0,3,0
299,204,5.013939,1.79769e+308,,,0.000040,17696298661253898164,null,0,3,0
300,209,5.009163,55.59,55.590000,0.055334,0.024573,13244890239318969718,null,0,3,0
301,214,5.008246,25.62,25.620000,0.055334,0.041155,15686684508075384758,null,0,3,0
302,219,5.012105,27.03,27.030000,0.055334,0.040377,15498817893725527875,null,0,3,0
303,224,5.014663,24.16,24.160000,0.055334,0.041967,6937068013311054391,null,0,3,0
304,229,5.014433,22.76,22.760000,0.055334,0.042737,17761535972267410985,null,0,3,0
305,234,5.011203,26.74,26.740000,0.055334,0.040536,13650001783594667588,null,0,3,0
306,239,5.010526,19.92,19.920000,0.055334,0.044313,12454664570698428330,null,0,3,0
307,244,5.010131,19.79,19.790000,0.055334,0.044384,12447499726441537371,null,0,3,0
308,249,5.012543,24.17,24.170000,0.055334,0.041961,18078649934080927784,null,0,3,0
309,254,5.012115,27.07,27.070000,0.055334,0.040355,6744409525667395286,null,0,3,0
310,259,5.008697,19.74,19.740000,0.055334,0.044414,15758871664634539369,null,0,3,0
311,265,5.008272,17.51,17.510000,0.055334,0.045647,12420990728882886305,null,0,3,0
312,270,5.008013,17.51,17.510000,0.055334,0.045647,6156505683872307950,null,0,3,0
313,275,5.008632,18.01,18.010000,0.055334,0.045368,6122477465134173024,null,0,3,0
314,280,5.007832,25.64,25.640000,0.055334,0.041149,16664380772461928868,null,0,3,0
315,285,5.008033,17.1,17.100000,0.055334,0.045873,13098988223484457496,null,0,3,0
316,290,5.012147,24.21,24.210000,0.055334,0.041938,2087345031015838519,null,0,3,0
317,193,5.009120,27.06,27.060000,0.055334,0.040363,9637196906541662708,1,1,3,0
318,199,5.004730,26.14,26.140000,0.055334,0.040868,17244454903165419408,1,1,3,0
319,204,5.008430,25.65,25.650000,0.055334,0.041139,1616139107869674287,1,1,3,0
320,209,5.005380,25.67,25.670000,0.055334,0.041127,7163412625349088519,1,1,3,0
321,214,5.007450,23.59,23.590000,0.055334,0.042278,14710109793956818240,1,1,3,0
322,219,5.006320,59.8,59.800000,0.055334,0.022243,14522648188337317298,1,1,3,0
323,224,5.006120,25.61,25.610000,0.055334,0.041162,1105582259994486634,1,1,3,0
324,229,5.006750,64.31,64.310000,0.055334,0.019749,17711103680031661059,1,1,3,0
325,234,5.006670,40.11,40.110000,0.055334,0.033137,6742446221051119281,1,1,3,0
326,240,5.009270,27.68,27.680000,0.055334,0.040017,2952965164043281570,1,1,3,0
327,245,5.007770,24.73,24.730000,0.055334,0.041650,9987064172141647753,1,1,3,0
328,250,5.004800,24.73,24.730000,0.055334,0.041650,3991597871457551839,1,1,3,0
329,255,5.005400,24.19,24.190000,0.055334,0.041947,11820619095098198777,1,1,3,0
330,260,5.005100,24.52,24.520000,0.055334,0.041765,9348969587210951034,1,1,3,0
331,265,5.008080,25.25,25.250000,0.055334,0.041363,17572599464412587790,1,1,3,0
332,270,5.005690,65.21,65.210000,0.055334,0.019252,17070699225119573918,1,1,3,0
333,275,5.005990,23.34,23.340000,0.055334,0.042419,15136066332212496088,1,1,3,0
334,280,5.005480,23.34,23.340000,0.055334,0.042419,2316301871710819117,1,1,3,0
335,285,5.006820,23.34,23.340000,0.055334,0.042419,8278626289424019395,1,1,3,0
336,291,5.006490,23.34,23.340000,0.055334,0.042419,3589790668856188239,1,1,3,0
337,193,5.012700,66.61,66.610000,0.055334,0.018476,15481039002483487181,null,2,3,0
338,198,5.007080,68.48,68.480000,0.055334,0.017439,10769159917590920538,null,2,3,0
339,204,5.007510,74.21,74.210000,0.055334,0.014268,11851260868803746598,null,2,3,0
340,209,5.007380,68.47,68.470000,0.055334,0.017445,5475252024326667414,null,2,3,0
341,214,5.016690,62.79,62.790000,0.055334,0.020591,5419089788652404084,null,2,3,0
342,219,5.006690,69.95,69.950000,0.078999,0.023736,3925004946040320224,null,2,3,0
343,224,5.015400,58.79,58.790000,0.055334,0.022804,4214414405268680048,null,2,3,0
344,229,5.028740,58.79,58.790000,0.055334,0.022804,10854921344714702364,null,2,3,0
345,234,5.017090,58.79,58.790000,0.055334,0.022804,10644339982518066023,null,2,3,0
346,239,5.018910,58.79,58.790000,0.055334,0.022804,2988369848461416879,null,2,3,0
347,244,5.020620,58.79,58.790000,0.055334,0.022804,784494655217800797,null,2,3,0
348,249,5.017340,58.79,58.790000,0.055334,0.022804,2597119462311467566,null,2,3,0
349,254,5.019880,55.07,55.070000,0.055334,0.024864,11241067211157995809,null,2,3,0
350,260,5.017680,55.07,55.070000,0.055334,0.024864,10397582908810769776,null,2,3,0
351,265,5.017200,55.07,55.070000,0.055334,0.024864,14178520671668682114,null,2,3,0
352,270,5.021030,55.07,55.070000,0.055334,0.024864,13347230767914987528,null,2,3,0
353,275,5.022570,55.07,55.070000,0.055334,0.024864,4158213833281265168,null,2,3,0
354,280,5.019360,55.07,55.070000,0.055334,0.024864,17324429575472354100,null,2,3,0
355,285,5.010660,59.2,59.200000,0.055334,0.022577,2599089890405334393,null,2,3,0
356,290,5.019940,55.07,55.070000,0.055334,0.024864,2438588013457189878,null,2,3,0
357,193,5.014770,68.16,68.160000,0.055334,0.017619,1095978206206509796,null,3,3,0
358,199,5.014700,55.99,55.990000,0.055334,0.024350,7365278547274531108,null,3,3,0
359,204,5.014490,55.99,55.990000,0.055334,0.024350,6552137101959932430,null,3,3,0
360,209,5.015200,55.99,55.990000,0.055334,0.024350,3034936960361829636,null,3,3,0
361,214,5.012370,55.08,55.080000,0.055334,0.024858,3846785530681868890,null,3,3,0
362,219,5.006430,75.65,75.650000,0.055334,0.013476,13537572408373801224,null,3,3,0
363,224,5.014170,63.76,63.760000,0.055334,0.020055,13878864864941590803,null,3,3,0
364,229,5.010850,53.3,53.300000,0.055334,0.025841,16817891437568754854,null,3,3,0
365,234,5.012540,73.5,73.500000,0.055334,0.014665,10314417675418971283,null,3,3,0
366,239,5.009390,53.3,53.300000,0.055334,0.025841,11278328032984947169,null,3,3,0
367,244,5.012910,53.3,53.300000,0.055334,0.025841,12200686902411915015,null,3,3,0
368,249,5.009490,53.3,53.300000,0.055334,0.025841,14566373489707642244,null,3,3,0
369,255,5.020640,60.09,60.090000,0.055334,0.022082,4771499874938505145,null,3,3,0
370,260,5.011960,53.3,53.300000,0.055334,0.025841,1547700757832815190,null,3,3,0
371,265,5.015690,52.61,52.610000,0.055334,0.026220,1999648358004522646,null,3,3,0
372,270,5.016140,58.98,58.980000,0.055334,0.022698,2368165857446791203,null,3,3,0
373,275,5.015060,52.61,52.610000,0.055334,0.026220,6203514134363726553,null,3,3,0
374,280,5.014510,52.61,52.610000,0.055334,0.026220,3455321450848305125,null,3,3,0
375,285,5.014550,52.61,52.610000,0.055334,0.026220,13081162955484118122,null,3,3,0
376,290,5.018430,52.61,52.610000,0.055334,0.026220,14797318250751612493,null,3,3,0
377,193,5.009860,58.46,58.460000,0.055334,0.022986,16041434228643072473,null,4,3,0
378,199,5.012160,58.46,58.460000,0.055334,0.022986,18423233109197963882,null,4,3,0
379,204,5.008640,58.46,58.460000,0.055334,0.022986,5387529946086542128,null,4,3,0
380,209,5.012280,71.34,71.340000,0.055334,0.015856,349586675524862712,null,4,3,0
381,214,5.018290,58.46,58.460000,0.055334,0.022986,810942849010411958,null,4,3,0
382,219,5.010350,58.17,58.170000,0.055334,0.023145,2376904809639914593,null,4,3,0
383,224,5.014000,58.46,58.460000,0.055334,0.022986,16740008300474425709,null,4,3,0
384,229,5.011930,59.88,59.880000,0.055334,0.022199,9625270315029929485,null,4,3,0
385,234,5.010730,67.09,67.090000,0.055334,0.018212,10212028032005811505,null,4,3,0
386,239,5.010830,58.46,58.460000,0.055334,0.022986,6922182896105597592,null,4,3,0
387,244,5.009670,71.34,71.340000,0.055334,0.015856,14040226846249823338,null,4,3,0
388,249,5.013370,55.81,55.810000,0.055334,0.024453,13547822982255068687,null,4,3,0
389,254,5.014500,56.84,56.840000,0.055334,0.023883,7226957258197175940,null,4,3,0
390,259,5.010770,54.56,54.560000,0.055334,0.025146,12012420472002114850,null,4,3,0
391,265,5.010020,74.21,74.210000,0.055334,0.014271,18366235234467114602,null,4,3,0
392,270,5.010360,55.31,55.310000,0.055334,0.024728,2700329684277969785,null,4,3,0
393,275,5.010290,53.47,53.470000,0.055334,0.025747,13947302216433284870,null,4,3,0
394,280,5.011720,48.03,48.030000,0.055334,0.028755,1277953282407286475,null,4,3,0
395,285,5.009000,50.64,50.640000,0.055334,0.027313,16472173226886403964,null,4,3,0
396,290,5.010060,58.57,58.570000,0.055334,0.022925,617965584948465777,null,4,3,0
397,193,5.010770,76.96,76.960000,0.055334,0.012751,17020653346402310484,null,5,3,0
398,199,5.009880,76.96,76.960000,0.055334,0.012751,17593563729487584139,null,5,3,0
399,204,5.009650,76.96,76.960000,0.055334,0.012751,9308824133299233530,null,5,3,0
400,209,5.011450,76.66,76.660000,0.055334,0.012915,13616883683214542550,null,5,3,0
401,214,5.009870,75.92,75.920000,0.055334,0.013325,1072946133623768643,null,5,3,0
402,219,5.009600,77.01,77.010000,0.055334,0.012719,15179160347201664010,null,5,3,0
403,224,5.009010,75.92,75.920000,0.055334,0.013325,12621449943150690923,null,5,3,0
404,229,5.008020,75.92,75.920000,0.055334,0.013324,4416050860969246417,null,5,3,0
405,234,5.008720,75.92,75.920000,0.055334,0.013325,17132894852784815025,null,5,3,0
406,239,5.008450,73.07,73.070000,0.055334,0.014902,8391393917807841374,null,5,3,0
407,244,5.010510,74.57,74.570000,0.055334,0.014074,8800676670585263335,null,5,3,0
408,249,5.008640,73.07,73.070000,0.055334,0.014902,3683083320926422576,null,5,3,0
409,254,5.009160,75.92,75.920000,0.055334,0.013325,7375711641859942857,null,5,3,0
410,259,5.009320,73.06,73.060000,0.055334,0.014909,6398810097345050720,null,5,3,0
411,265,5.010320,73.06,73.060000,0.055334,0.014909,8768409980371721382,null,5,3,0
412,270,5.008750,73.06,73.060000,0.055334,0.014909,12609641834428079601,null,5,3,0
413,275,5.009250,73.06,73.060000,0.055334,0.014909,15256522682274233476,null,5,3,0
414,280,5.013030,73.06,73.060000,0.055334,0.014909,5867837704316907817,null,5,3,0
415,285,5.008270,74.49,74.490000,0.055334,0.014113,7929301604195738247,null,5,3,0
416,290,5.011180,73.06,73.060000,0.055334,0.014909,8257500345073431853,null,5,3,0
417,193,5.008170,28.47,28.470000,0.055334,0.039583,10520318073192719528,null,6,3,0
418,199,5.007100,28.37,28.370000,0.055334,0.039635,5093058212517546247,null,6,3,0
419,204,5.007850,28.37,28.370000,0.055334,0.039635,6127976218815817417,null,6,3,0
420,209,5.007900,28.5,28.500000,0.055334,0.039564,11679446598550022208,null,6,3,0
421,214,5.007310,27.52,27.520000,0.055334,0.040107,7260859988959391080,null,6,3,0
422,219,5.007740,40.82,40.820000,0.055334,0.032744,5946136244773502774,null,6,3,0
423,224,5.011180,28.37,28.370000,0.055334,0.039635,2497997062001208453,null,6,3,0
424,229,5.010010,28.37,28.370000,0.055334,0.039635,12052045800959960478,null,6,3,0
425,234,5.007070,32.76,32.760000,0.055334,0.037205,2527813219730285055,null,6,3,0
426,239,5.007870,28.37,28.370000,0.055334,0.039635,341398019235718746,null,6,3,0
427,244,5.008000,28.37,28.370000,0.055334,0.039635,14080476584878388419,null,6,3,0
428,249,5.007380,28.37,28.370000,0.055334,0.039635,442882989141442323,null,6,3,0
429,254,5.008030,28.37,28.370000,0.055334,0.039635,2942737395261468277,null,6,3,0
430,259,5.007570,57.78,57.780000,0.055334,0.023360,12452924920876124613,null,6,3,0
431,265,5.010780,28.37,28.370000,0.055334,0.039635,12280560305633996306,null,6,3,0
432,270,5.009800,46.71,46.710000,0.055334,0.029488,15108993699376482836,null,6,3,0
433,275,5.010330,27.07,27.070000,0.055334,0.040353,16709952141193580947,null,6,3,0
434,280,5.007910,28.35,28.350000,0.055334,0.039647,11309974030626524565,null,6,3,0
435,285,5.007240,46.44,46.440000,0.055334,0.029637,792104094352753713,null,6,3,0
436,290,5.008010,27.6,27.600000,0.055334,0.040059,6271684469429940326,null,6,3,0
437,193,5.009940,71.18,71.180000,0.063267,0.018232,7091506144183120,null,7,3,0
438,198,5.010570,71.18,71.180000,0.063267,0.018232,5333550462697687648,null,7,3,0
439,204,5.009090,71.18,71.180000,0.063267,0.018232,7376525982718534035,null,7,3,0
440,209,5.017820,67.52,67.520000,0.063267,0.020548,14965470310079867399,null,7,3,0
441,214,5.010120,67.52,67.520000,0.063267,0.020548,300767891311218878,null,7,3,0
442,219,5.016870,67.52,67.520000,0.063267,0.020548,1307995187317071709,null,7,3,0
443,224,5.008510,71.18,71.180000,0.063267,0.018232,11561727854511603993,null,7,3,0
444,229,5.012360,67.52,67.520000,0.063267,0.020548,16216433001808944607,null,7,3,0
445,234,5.009490,60.95,60.950000,0.055334,0.021608,9864697741088269690,null,7,3,0
446,239,5.008100,60.96,60.960000,0.055334,0.021603,2911413144827379247,null,7,3,0
447,244,5.007430,60.95,60.950000,0.055334,0.021608,4154294203992105702,null,7,3,0
448,249,5.008400,63.49,63.490000,0.055334,0.020200,4904807007628289553,null,7,3,0
449,254,5.009070,60.96,60.960000,0.055334,0.021603,10926540606984964796,null,7,3,0
450,259,5.008410,60.96,60.960000,0.055334,0.021603,8996534408800044564,null,7,3,0
451,265,5.008090,60.96,60.960000,0.055334,0.021603,8091065365263612919,null,7,3,0
452,270,5.006080,73.9,73.900000,0.055334,0.014441,4454160977303861480,null,7,3,0
453,275,5.008350,60.96,60.960000,0.055334,0.021603,16525318927308812670,null,7,3,0
454,280,5.006880,42.72,42.720000,0.055334,0.031692,7390684751267714255,null,7,3,0
455,285,5.007940,24.27,24.270000,0.055334,0.041903,10243022235692005057,null,7,3,0
456,290,5.008460,25.65,25.650000,0.055334,0.041139,9517788664402080021,null,7,3,0
457,296,5.007878,18.09,18.090000,0.055334,0.045323,8369948110354628310,null,0,3,1
458,296,5.007081,18.01,18.010000,0.055334,0.045368,3007273580982075163,null,1,3,1
459,296,5.006996,18.09,18.090000,0.055334,0.045323,6059887476530782757,null,2,3,1
460,296,5.007641,18.38,18.380000,0.055334,0.045161,11323906874792179996,null,3,3,1
461,296,5.008026,18.01,18.010000,0.055334,0.045368,10596362762890611931,null,4,3,1
462,296,5.008483,17.51,17.510000,0.055334,0.045647,13643981825607644079,null,5,3,1
463,296,5.007784,16.94,16.940000,0.055334,0.045960,17281315872981098344,null,6,3,1
464,296,5.008201,16.94,16.940000,0.055334,0.045960,16060110512895734432,null,7,3,1
465,301,5.008076,16.94,16.940000,0.055334,0.045960,15890348911475752594,null,0,4,0
466,306,5.006725,17.1,17.100000,0.055334,0.045873,9375408025331869871,null,0,4,0
467,311,5.009814,17.1,17.100000,0.055334,0.045873,7760796316294021910,null,0,4,0
468,316,5.010181,17.1,17.100000,0.055334,0.045873,2664120758308645496,null,0,4,0
469,321,5.009704,22.78,22.780000,0.055334,0.042728,16695504110323975396,null,0,4,0
470,326,5.010041,17.1,17.100000,0.055334,0.045873,12430419460588041311,null,0,4,0
471,332,5.008181,17.1,17.100000,0.055334,0.045873,2957817109356172173,null,0,4,0
472,337,5.009177,17.06,17.060000,0.055334,0.045892,139106609455630259,null,0,4,0
473,342,5.009577,17.1,17.100000,0.055334,0.045873,10091302349945707599,null,0,4,0
474,347,5.008238,65.61,65.610000,0.055334,0.019031,8375748750137590224,null,0,4,0
475,352,5.009558,17.1,17.100000,0.055334,0.045873,9730120970070892953,null,0,4,0
476,357,5.007584,18.32,18.320000,0.055334,0.045196,17478309083434482251,null,0,4,0
477,362,5.009020,18.15,18.150000,0.055334,0.045293,9711461172302702994,null,0,4,0
478,367,5.013729,17.06,17.060000,0.055334,0.045892,10054133695417535723,null,0,4,0
479,372,5.014891,25.66,25.660000,0.055334,0.041136,7713339277752156706,null,0,4,0
480,377,5.008580,17.09,17.090000,0.055334,0.045879,17261509111819067764,null,0,4,0
481,382,5.024966,23.6,23.600000,0.055334,0.042277,2385494976363311620,null,0,4,0
482,387,5.009243,17.06,17.060000,0.055334,0.045892,13780277715617557763,null,0,4,0
483,392,5.011039,24.25,24.250000,0.055334,0.041913,12384366273840672431,null,0,4,0
484,398,5.007797,17.09,17.090000,0.055334,0.045876,18153165045923015866,null,0,4,0
485,403,5.011079,22.79,22.790000,0.055334,0.042721,240919172930465804,null,0,4,0
486,408,5.007111,16.8,16.800000,0.055334,0.046038,11006762818896741657,null,0,4,0
487,413,5.008160,17.1,17.100000,0.055334,0.045873,17577480355015727725,null,0,4,0
488,418,5.008039,18.22,18.220000,0.055334,0.045255,16001252327336790359,null,0,4,0
489,423,5.008658,22.79,22.790000,0.055334,0.042721,7756040837558500020,null,0,4,0
490,428,5.009182,17.06,17.060000,0.055334,0.045892,9174978955298363013,null,0,4,0
491,433,5.008215,25.62,25.620000,0.055334,0.041155,11081823332684113333,null,0,4,0
492,438,5.013414,22.77,22.770000,0.055334,0.042734,8938040162148083460,null,0,4,0
493,301,5.005440,17.04,17.040000,0.055334,0.045905,17281315872981098347,1,1,4,0
494,306,5.003560,19.15,19.150000,0.055334,0.044738,1508626535804950645,1,1,4,0
495,311,5.005470,18.01,18.010000,0.055334,0.045366,13942372748373489274,1,1,4,0
496,317,5.004180,18.01,18.010000,0.055334,0.045366,2664120758308645497,1,1,4,0
497,322,5.003780,28.5,28.500000,0.055334,0.039564,17468311164852843656,1,1,4,0
498,327,5.006010,17.08,17.080000,0.055334,0.045884,5895616307556511851,1,1,4,0
499,332,5.004670,17.09,17.090000,0.055334,0.045879,12020529591415552914,1,1,4,0
500,337,5.008220,22.69,22.690000,0.055334,0.042779,1075115303927300321,1,1,4,0
501,342,5.005900,17.91,17.910000,0.055334,0.045424,4931325246692988583,1,1,4,0
502,347,5.005140,17.41,17.410000,0.055334,0.045700,12564358513176495634,1,1,4,0
503,352,5.008050,17.41,17.410000,0.055334,0.045700,9375408025331869870,1,1,4,0
504,357,5.005910,19.58,19.580000,0.055334,0.044499,5578759581085014031,1,1,4,0
505,363,5.005580,17.18,17.180000,0.055334,0.045828,15512984397651017637,1,1,4,0
506,368,5.013700,22.76,22.760000,0.055334,0.042741,6020212487390896307,1,1,4,0
507,373,5.005500,17.18,17.180000,0.055334,0.045828,1738054515626461254,1,1,4,0
508,378,5.005400,17.41,17.410000,0.055334,0.045700,10091302349945707598,1,1,4,0
509,383,5.012170,22.71,22.710000,0.055334,0.042766,240919172930465805,1,1,4,0
510,388,5.006020,17.18,17.180000,0.055334,0.045828,12430419460588041310,1,1,4,0
511,393,5.022840,22.75,22.750000,0.055334,0.042747,2385494976363311623,1,1,4,0
512,398,5.005560,17.18,17.180000,0.055334,0.045828,11006762818896741662,1,1,4,0
513,403,5.005810,17.41,17.410000,0.055334,0.045700,10054133695417535722,1,1,4,0
514,409,5.005600,17.04,17.040000,0.055334,0.045906,9308818380893836432,1,1,4,0
515,414,5.005760,17.41,17.410000,0.055334,0.045700,2957817109356172162,1,1,4,0
516,419,5.014140,22.77,22.770000,0.055334,0.042732,16969386756343155389,1,1,4,0
517,424,5.011670,17.41,17.410000,0.055334,0.045700,13780277715617557762,1,1,4,0
518,429,5.009950,17.13,17.130000,0.055334,0.045854,14595958476796564178,1,1,4,0
519,434,5.005810,17.07,17.070000,0.055334,0.045886,11517172947352048216,1,1,4,0
520,439,5.005040,69.13,69.130000,0.055334,0.017084,6522980646507508029,1,1,4,0
521,301,5.006720,68.36,68.360000,0.055334,0.017507,1816255274640667347,null,2,4,0
522,306,5.012390,48.46,48.460000,0.055334,0.028517,15527903218946529963,null,2,4,0
523,311,5.015560,48.52,48.520000,0.055334,0.028485,8088207305384633144,null,2,4,0
524,317,5.013470,46.92,46.920000,0.055334,0.029373,980208822042600873,null,2,4,0
525,322,5.011810,62.09,62.090000,0.055334,0.020978,11264442554121308982,null,2,4,0
526,327,5.014140,42.78,42.780000,0.055334,0.031664,13308994325628884993,null,2,4,0
527,332,5.015870,40.46,40.460000,0.055334,0.032944,16914950323837246769,null,2,4,0
528,337,5.014600,40.46,40.460000,0.055334,0.032944,17348753465704138366,null,2,4,0
529,342,5.013120,45.6,45.600000,0.055334,0.030103,13090817922210246346,null,2,4,0
530,347,5.016410,51.33,51.330000,0.055334,0.026929,12353933479724641858,null,2,4,0
531,352,5.015730,40.46,40.460000,0.055334,0.032944,7378707738408693503,null,2,4,0
532,357,5.014470,39.96,39.960000,0.055334,0.033225,17253725400029603829,null,2,4,0
533,362,5.012790,42.92,42.920000,0.055334,0.031585,1499844505301013512,null,2,4,0
534,367,5.011430,61.52,61.520000,0.055334,0.021290,9568802854923907311,null,2,4,0
535,372,5.015650,39.95,39.950000,0.055334,0.033227,9621937584680985104,null,2,4,0
536,378,5.018570,49.96,49.960000,0.063222,0.031637,9141560606953936112,null,2,4,0
537,383,5.012980,39.95,39.950000,0.055334,0.033227,7317195869155519974,null,2,4,0
538,388,5.013580,49.44,49.440000,0.055334,0.027974,15680709022423840483,null,2,4,0
539,393,5.012520,43.75,43.750000,0.055334,0.031127,14901458555361757131,null,2,4,0
540,398,5.014900,45.5,45.500000,0.055334,0.030159,9383528959175300102,null,2,4,0
541,403,5.016860,40.46,40.460000,0.055334,0.032944,2919066541360406355,null,2,4,0
542,408,5.011400,100,100.000000,38.110600,0.000013,5455259207585000091,null,2,4,0
543,413,5.012270,43.73,43.730000,0.055334,0.031136,14470394977886559792,null,2,4,0
544,418,5.013000,40.46,40.460000,0.055334,0.032944,13305957725971490728,null,2,4,0
545,423,5.014640,39.93,39.930000,0.055334,0.033241,11982299460932692311,null,2,4,0
546,428,5.012560,61.53,61.530000,0.055334,0.021285,4692557689912192930,null,2,4,0
547,433,5.011560,40.73,40.730000,0.055334,0.032795,5355875099827028735,null,2,4,0
548,439,5.015730,39.91,39.910000,0.055334,0.033248,1690077861523600648,null,2,4,0
549,301,5.016310,1.79769e+308,,,0.000014,1128611071933377016,null,3,4,0
550,306,5.015000,1.79769e+308,,,0.000014,13744149228914829820,null,3,4,0
551,311,5.015150,1.79769e+308,,,0.000015,880314709314690262,null,3,4,0
552,316,5.016330,1.79769e+308,,,0.000014,16815178850169818894,null,3,4,0
553,321,5.014990,1.79769e+308,,,0.000014,10718330713397303573,null,3,4,0
554,326,5.016390,1.79769e+308,,,0.000014,1202000886520173040,null,3,4,0
555,332,5.012500,1.79769e+308,,,0.000014,12435338761113807487,null,3,4,0
556,337,5.016400,1.79769e+308,,,0.000014,83240117566240849,null,3,4,0
557,342,5.013790,1.79769e+308,,,0.000015,13525373073707248308,null,3,4,0
558,347,5.013050,1.79769e+308,,,0.000014,5309182136066487422,null,3,4,0
559,352,5.015820,1.79769e+308,,,0.000014,7890584586655920741,null,3,4,0
560,357,5.009780,1.79769e+308,,,0.000013,8769447007162520523,null,3,4,0
561,362,5.016160,1.79769e+308,,,0.000015,6376248037593851399,null,3,4,0
562,367,5.015160,1.79769e+308,,,0.000014,17829460800169137317,null,3,4,0
563,372,5.022460,1.79769e+308,,,0.018937,7745420584034844203,null,3,4,0
564,377,5.014300,1.79769e+308,,,0.000014,3468277170407845188,null,3,4,0
565,382,5.015810,1.79769e+308,,,0.000014,580545721159531758,null,3,4,0
566,387,5.013030,1.79769e+308,,,0.000014,15082541981578293031,null,3,4,0
567,392,5.028250,1.79769e+308,,,0.000014,388928628072996963,null,3,4,0
568,398,5.014390,1.79769e+308,,,0.000014,1616537430656081993,null,3,4,0
569,403,5.013700,1.79769e+308,,,0.000014,463511725326565699,null,3,4,0
570,408,5.021490,1.79769e+308,,,0.000014,9178082557370610848,null,3,4,0
571,413,5.025060,1.79769e+308,,,0.000017,16039791317324167380,null,3,4,0
572,418,5.014910,1.79769e+308,,,0.000014,9345975900013874526,null,3,4,0
573,423,5.013080,1.79769e+308,,,0.000014,16500321591733069327,null,3,4,0
574,428,5.014490,1.79769e+308,,,0.000014,16856149068356894718,null,3,4,0
575,433,5.007560,100,100.000000,4.158340,0.000013,4473484070558104557,null,3,4,0
576,438,5.114900,100,100.000000,8.086980,0.000013,15281018346071702926,null,3,4,0
577,301,5.011480,75.21,75.210000,0.055334,0.013716,11838118166274814590,null,4,4,0
578,306,5.010640,75.21,75.210000,0.055334,0.013716,17962109461276986973,null,4,4,0
579,311,5.011920,75.21,75.210000,0.055334,0.013716,3797492376774837238,null,4,4,0
580,316,5.010840,75.21,75.210000,0.055334,0.013716,11542752911360008819,null,4,4,0
581,321,5.010690,74.96,74.960000,0.055334,0.013855,17125111174697575257,null,4,4,0
582,327,5.009900,74.96,74.960000,0.055334,0.013855,10144807656457506768,null,4,4,0
583,332,5.019330,82.17,82.170000,0.071117,0.012683,16583673664913357675,null,4,4,0
584,337,5.008910,76.02,76.020000,0.055334,0.013268,10995597620669861747,null,4,4,0
585,342,5.012740,74.96,74.960000,0.055334,0.013855,474242107483827807,null,4,4,0
586,347,5.006900,76.02,76.020000,0.055334,0.013268,9150916330696694102,null,4,4,0
587,352,5.014150,74.96,74.960000,0.055334,0.013855,15562201277535275112,null,4,4,0
588,357,5.015440,74.96,74.960000,0.055334,0.013855,3761385596916491507,null,4,4,0
589,362,5.012460,74.96,74.960000,0.055334,0.013855,12543740072207032356,null,4,4,0
590,367,5.013000,74.96,74.960000,0.055334,0.013855,3071737645407228301,null,4,4,0
591,372,5.012690,74.96,74.960000,0.055334,0.013855,2364524608310643978,null,4,4,0
592,377,5.013280,74.96,74.960000,0.055334,0.013855,9127723398369643274,null,4,4,0
593,382,5.010100,74.96,74.960000,0.055334,0.013855,16503775344726694035,null,4,4,0
594,387,5.009560,100,100.000000,3916.000000,0.000013,13887953327712057354,null,4,4,0
595,392,5.016840,74.96,74.960000,0.055334,0.013855,14152667002225601757,null,4,4,0
596,398,5.015700,74.96,74.960000,0.055334,0.013855,11010437718036041684,null,4,4,0
597,403,5.010930,74.96,74.960000,0.055334,0.013855,13742202403994623744,null,4,4,0
598,408,5.014180,74.96,74.960000,0.055334,0.013855,18158772814418531213,null,4,4,0
599,413,5.011560,74.96,74.960000,0.055334,0.013855,17036926171882752495,null,4,4,0
600,418,5.017700,74.96,74.960000,0.055334,0.013855,17651340046915775974,null,4,4,0
601,423,5.016070,74.96,74.960000,0.055334,0.013855,6983599516185872135,null,4,4,0
602,428,5.011350,74.96,74.960000,0.055334,0.013855,2391159334614234045,null,4,4,0
603,433,5.010910,74.96,74.960000,0.055334,0.013855,13889711036556448222,null,4,4,0
604,438,5.009990,74.96,74.960000,0.055334,0.013855,11107611422306794603,null,4,4,0
605,301,5.009420,83.95,83.950000,0.078999,0.012683,11280969159967851182,null,5,4,0
606,306,5.009750,99.99,99.990000,0.110690,0.000013,13172858920286555844,null,5,4,0
607,311,5.009100,83.95,83.950000,0.078999,0.012683,14042160384357052545,null,5,4,0
608,316,5.008870,83.95,83.950000,0.078999,0.012683,207280434364113311,null,5,4,0
609,321,5.013390,83.95,83.950000,0.078999,0.012683,9665515445870707106,null,5,4,0
610,326,5.011450,83.95,83.950000,0.078999,0.012683,16860252804691152475,null,5,4,0
611,332,5.008780,83.95,83.950000,0.078999,0.012683,16919118136584567267,null,5,4,0
612,337,5.012770,83.95,83.950000,0.078999,0.012683,14365610568202523800,null,5,4,0
613,342,5.012220,83.95,83.950000,0.078999,0.012683,6904697270269888067,null,5,4,0
614,347,5.009900,83.95,83.950000,0.078999,0.012683,16050097947320216632,null,5,4,0
615,352,5.010700,83.95,83.950000,0.078999,0.012683,8111845986378347670,null,5,4,0
616,357,5.011330,83.95,83.950000,0.078999,0.012683,12821877406814103405,null,5,4,0
617,362,5.009770,83.95,83.950000,0.078999,0.012683,17326187905264656595,null,5,4,0
618,367,5.013360,82.17,82.170000,0.071139,0.012683,4361432416053629097,null,5,4,0
619,372,5.011360,82.17,82.170000,0.071139,0.012683,7843919818091224203,null,5,4,0
620,377,5.013600,82.17,82.170000,0.071139,0.012683,3408658913915484371,null,5,4,0
621,382,5.012410,82.17,82.170000,0.071139,0.012683,16620791683622429438,null,5,4,0
622,387,5.013920,82.17,82.170000,0.071139,0.012683,14800064245897312435,null,5,4,0
623,392,5.012420,82.17,82.170000,0.071139,0.012683,18363511937212084221,null,5,4,0
624,397,5.014900,82.17,82.170000,0.071139,0.012683,14557667205304790985,null,5,4,0
625,402,5.012740,82.17,82.170000,0.071139,0.012683,2036782643224226821,null,5,4,0
626,408,5.016410,82.17,82.170000,0.071139,0.012683,17733816121438008136,null,5,4,0
627,413,5.012220,82.17,82.170000,0.071139,0.012683,2051922429540216577,null,5,4,0
628,418,5.012460,83.95,83.950000,0.078999,0.012683,10080642106030897142,null,5,4,0
629,423,5.012660,82.17,82.170000,0.071139,0.012683,10607930823243675738,null,5,4,0
630,428,5.014760,82.17,82.170000,0.071139,0.012683,3146569492593662644,null,5,4,0
631,433,5.010720,82.17,82.170000,0.071139,0.012683,9484584985494219655,null,5,4,0
632,438,5.011360,82.17,82.170000,0.071139,0.012683,11956066754957259284,null,5,4,0
633,301,5.008880,1.79769e+308,,,0.029784,8001745079873558038,null,6,4,0
634,306,5.011670,1.79769e+308,,,0.029784,14167972067869927261,null,6,4,0
635,311,5.011640,1.79769e+308,,,0.029784,14220364166025841584,null,6,4,0
636,316,5.010130,1.79769e+308,,,0.029784,2320694514954171428,null,6,4,0
637,321,5.009310,1.79769e+308,,,0.026423,397986808403276265,null,6,4,0
638,327,5.012340,1.79769e+308,,,0.027480,17636839285450227535,null,6,4,0
639,332,5.012040,1.79769e+308,,,0.028424,899098995940781477,null,6,4,0
640,337,5.010330,1.79769e+308,,,0.029784,10344082379105330590,null,6,4,0
641,342,5.009360,64.34,64.340000,0.055334,0.019734,12319322149749744104,null,6,4,0
642,347,5.010240,64.34,64.340000,0.055334,0.019734,16837137341001852279,null,6,4,0
643,352,5.010880,64.34,64.340000,0.055334,0.019734,15219438356071204592,null,6,4,0
644,357,5.011780,64.34,64.340000,0.055334,0.019734,17546445954026235486,null,6,4,0
645,362,5.010100,75.04,75.040000,0.079057,0.019734,15948698951139471581,null,6,4,0
646,367,5.013200,64.34,64.340000,0.055334,0.019734,5479076786603304924,null,6,4,0
647,372,5.012490,64.34,64.340000,0.055334,0.019734,14090925872856129680,null,6,4,0
648,377,5.006440,1.79769e+308,,,0.000013,8160464629144465306,null,6,4,0
649,382,5.013330,64.34,64.340000,0.055334,0.019734,16928376205166209429,null,6,4,0
650,387,5.012380,64.34,64.340000,0.055334,0.019734,5339193054363446737,null,6,4,0
651,393,5.009130,64.34,64.340000,0.055334,0.019734,811337142897166905,null,6,4,0
652,398,5.009990,75.04,75.040000,0.079057,0.019734,14779776620573998626,null,6,4,0
653,403,5.012400,64.34,64.340000,0.055334,0.019734,18232902432520521609,null,6,4,0
654,408,5.011680,64.34,64.340000,0.055334,0.019734,6362823895769303523,null,6,4,0
655,413,5.010410,64.34,64.340000,0.055334,0.019734,11153910640428648161,null,6,4,0
656,418,5.012810,63.9,63.900000,0.055334,0.019974,5618454998570264336,null,6,4,0
657,423,5.012180,64.34,64.340000,0.055334,0.019734,63522486354440419,null,6,4,0
658,428,5.009710,63.9,63.900000,0.055334,0.019974,17299685304923075859,null,6,4,0
659,433,5.007520,1.79769e+308,,,0.000015,15075502730669316112,null,6,4,0
660,438,5.010740,63.9,63.900000,0.055334,0.019974,12871933362793655157,null,6,4,0
661,301,5.016830,37.06,37.060000,0.055334,0.034827,197609576880055323,null,7,4,0
662,306,5.012330,31.36,31.360000,0.055334,0.037980,3143792937830589282,null,7,4,0
663,311,5.010060,38.21,38.210000,0.055334,0.034193,14438994248838625467,null,7,4,0
664,316,5.006790,32.92,32.920000,0.055334,0.037116,1138147378431971250,null,7,4,0
665,322,5.010120,28.52,28.520000,0.055334,0.039551,12460738353207238744,null,7,4,0
666,327,5.017320,37.76,37.760000,0.055334,0.034438,15463669506897081563,null,7,4,0
667,332,5.010960,28.53,28.530000,0.055334,0.039544,2157431002378418610,null,7,4,0
668,337,5.011180,28.53,28.530000,0.055334,0.039544,12855831406364534582,null,7,4,0
669,342,5.009910,28.49,28.490000,0.055334,0.039570,3246239487146961362,null,7,4,0
670,347,5.010870,28.49,28.490000,0.055334,0.039570,7505540229551209512,null,7,4,0
671,352,5.010390,28.49,28.490000,0.055334,0.039570,3045634446977197727,null,7,4,0
672,357,5.008690,71.98,71.980000,0.055334,0.015505,17600243711176440119,null,7,4,0
673,362,5.011660,32.22,32.220000,0.055334,0.037503,11151499729904056138,null,7,4,0
674,367,5.010000,31.34,31.340000,0.055334,0.037994,11119508085155925484,null,7,4,0
675,372,5.011170,28.49,28.490000,0.055334,0.039570,1641759996085346681,null,7,4,0
676,377,5.006420,31.28,31.280000,0.055334,0.038023,1567013237084151128,null,7,4,0
677,382,5.019730,38.37,38.370000,0.055334,0.034103,7219348974011399013,null,7,4,0
678,387,5.017840,37.04,37.040000,0.055334,0.034840,2754158419490214765,null,7,4,0
679,393,5.012810,39.97,39.970000,0.055334,0.033216,15472272040530535271,null,7,4,0
680,398,5.009920,28.49,28.490000,0.055334,0.039570,4962735527530479673,null,7,4,0
681,403,5.009810,30.41,30.410000,0.055334,0.038504,5386906284798682510,null,7,4,0
682,408,5.010140,28.49,28.490000,0.055334,0.039570,9452452678971238786,null,7,4,0
683,413,5.011280,34.2,34.200000,0.055334,0.036410,15132944480859713146,null,7,4,0
684,418,5.009400,29.47,29.470000,0.055334,0.039029,9167675492964489681,null,7,4,0
685,423,5.012880,47.57,47.570000,0.055334,0.029012,12183405150049050288,null,7,4,0
686,428,5.011500,28.52,28.520000,0.055334,0.039551,18389077440598099679,null,7,4,0
687,433,5.006590,29.93,29.930000,0.055334,0.038772,13819544893593128269,null,7,4,0
688,438,5.012050,73.18,73.180000,0.055334,0.014842,18023720560338043312,null,7,4,0
689,444,5.033513,19.82,19.820000,0.055334,0.044369,5217523696495709384,null,0,4,1
690,449,5.010383,20.97,20.970000,0.055334,0.043732,14915864958651009588,null,0,4,1
691,455,5.011741,25.61,25.610000,0.055334,0.041162,422372196547089827,null,0,4,1
692,444,5.007181,17.1,17.100000,0.055334,0.045873,6983818013358482104,null,1,4,1
693,449,5.007818,17.11,17.110000,0.055334,0.045866,2989062116554570355,null,1,4,1
694,455,5.007619,17.1,17.100000,0.055334,0.045873,12567000652996263560,null,1,4,1
695,444,5.011793,22.8,22.800000,0.055334,0.042717,16395186702173968235,null,2,4,1
696,449,5.006190,17.51,17.510000,0.055334,0.045647,369238190114698405,null,2,4,1
697,455,5.009557,17.06,17.060000,0.055334,0.045892,5256385994138824922,null,2,4,1
698,444,5.008078,18.01,18.010000,0.055334,0.045368,4370282838052869754,null,3,4,1
699,449,5.014074,18.38,18.380000,0.055334,0.045161,8520688053182373734,null,3,4,1
700,455,5.006914,18.09,18.090000,0.055334,0.045323,5277938415819991854,null,3,4,1
701,444,5.007761,18.09,18.090000,0.055334,0.045323,6733024306043283347,null,4,4,1
702,449,5.008282,18.01,18.010000,0.055334,0.045368,6903710702749985125,null,4,4,1
703,455,5.007423,18.01,18.010000,0.055334,0.045368,3231848614009949167,null,4,4,1
704,444,5.007610,17.51,17.510000,0.055334,0.045647,7006046655337198365,null,5,4,1
705,449,5.008220,17.92,17.920000,0.055334,0.045418,12603952992141711631,null,5,4,1
706,455,5.008756,17.67,17.670000,0.055334,0.045557,3415563176288465481,null,5,4,1
707,444,5.007713,16.89,16.890000,0.055334,0.045988,1724369770812772086,null,6,4,1
708,449,5.008785,16.94,16.940000,0.055334,0.045960,3631608666328187521,null,6,4,1
709,455,5.005597,16.26,16.260000,0.055334,0.046336,6850091827605451697,null,6,4,1
710,444,5.007672,16.94,16.940000,0.055334,0.045960,13197440251537966361,null,7,4,1
711,449,5.007795,16.94,16.940000,0.055334,0.045960,8514341643334065824,null,7,4,1
712,455,5.005974,21.04,21.040000,0.055334,0.043693,35821876551115023,null,7,4,1
713,460,5.007032,19.81,19.810000,0.055334,0.044374,17937577296306373835,null,0,5,0
714,465,5.015373,31.32,31.320000,0.055334,0.038004,11585049299166946714,null,0,5,0
715,470,5.008286,19.81,19.810000,0.055334,0.044374,16324951563489637465,null,0,5,0
716,475,5.021122,22.8,22.800000,0.055334,0.042717,5486001991802604561,null,0,5,0
717,480,5.010991,22.8,22.800000,0.055334,0.042715,9834503535103762965,null,0,5,0
718,486,5.008341,19.71,19.710000,0.055334,0.044429,11006762818896741657,null,0,5,0
719,491,5.007705,42.73,42.730000,0.055334,0.031688,4335065504766885185,null,0,5,0
720,496,5.007347,19.81,19.810000,0.055334,0.044371,13392327894502667922,null,0,5,0
721,501,5.009647,19.52,19.520000,0.055334,0.044531,4949698085670790088,null,0,5,0
722,506,5.007518,18.1,18.100000,0.055334,0.045319,3940740454130020547,null,0,5,0
723,511,5.007863,19.22,19.220000,0.055334,0.044697,11751120545960136843,null,0,5,0
724,516,5.007820,19.71,19.710000,0.055334,0.044429,15729253703716281079,null,0,5,0
725,521,5.008266,19.04,19.040000,0.055334,0.044799,15511764303973864585,null,0,5,0
726,526,5.021472,98.62,98.620000,0.118562,0.001631,16316854218016692376,null,0,5,0
727,531,5.011652,24.64,24.640000,0.055334,0.041698,10456732522044297274,null,0,5,0
728,536,5.008520,18.46,18.460000,0.055334,0.045119,8514341643334065824,null,0,5,0
729,541,5.008772,18.5,18.500000,0.055334,0.045099,1739568993757303874,null,0,5,0
730,546,5.007879,18.16,18.160000,0.055334,0.045288,8803429939074311226,null,0,5,0
731,551,5.006341,69.91,69.910000,0.055334,0.016652,7632580783046991900,null,0,5,0
732,557,5.008622,18.16,18.160000,0.055334,0.045288,11496225759888195875,null,0,5,0
733,562,5.007546,18.03,18.030000,0.055334,0.045360,8017616680183360659,null,0,5,0
734,567,5.009291,17.94,17.940000,0.055334,0.045409,8148790013401066236,null,0,5,0
735,572,5.013721,22.77,22.770000,0.055334,0.042734,9118310083436150483,null,0,5,0
736,577,5.010608,18.16,18.160000,0.055334,0.045288,3333585136962322082,null,0,5,0
737,582,5.007885,19.22,19.220000,0.055334,0.044697,18175119254460850405,null,0,5,0
738,587,5.006077,22.06,22.060000,0.055334,0.043127,5513839217188420570,null,0,5,0
739,592,5.008183,65.61,65.610000,0.055334,0.019031,15427869276996810200,null,0,5,0
740,460,5.006840,19.88,19.880000,0.055334,0.044332,6850091827605451696,1,1,5,0
741,465,5.005290,18.39,18.390000,0.055334,0.045157,13558001748074038558,1,1,5,0
742,471,5.004370,18.66,18.660000,0.055334,0.045006,3379941851248512001,1,1,5,0
743,476,5.006160,19.82,19.820000,0.055334,0.044368,15567488546075876254,1,1,5,0
744,481,5.016250,22.71,22.710000,0.055334,0.042766,17764860763097598362,1,1,5,0
745,486,5.005470,19.82,19.820000,0.055334,0.044368,6669334228289102366,1,1,5,0
746,491,5.006110,18.44,18.440000,0.055334,0.045132,384543357650482417,1,1,5,0
747,496,5.005660,19.92,19.920000,0.055334,0.044313,5977409204171456982,1,1,5,0
748,501,5.005800,19.8,19.800000,0.055334,0.044375,15025111982714512358,1,1,5,0
749,506,5.030400,22.81,22.810000,0.055334,0.042712,5486001991802604560,1,1,5,0
750,511,5.006390,22.78,22.780000,0.055334,0.042728,13715950277953561628,1,1,5,0
751,517,5.005720,19.75,19.750000,0.055334,0.044403,5498440253172966040,1,1,5,0
752,522,5.005030,19.74,19.740000,0.055334,0.044414,369238190114698404,1,1,5,0
753,527,5.005890,18.39,18.390000,0.055334,0.045157,14786309994106707952,1,1,5,0
754,532,5.004770,18.47,18.470000,0.055334,0.045116,14184027371770960976,1,1,5,0
755,537,5.007270,24.84,24.840000,0.055334,0.041587,190160250579177807,1,1,5,0
756,542,5.005430,18.39,18.390000,0.055334,0.045157,2876885187410135611,1,1,5,0
757,547,5.006240,18.39,18.390000,0.055334,0.045157,4950212765118968400,1,1,5,0
758,552,5.004700,18.26,18.260000,0.055334,0.045227,223851490223081387,1,1,5,0
759,558,5.005480,18.07,18.070000,0.055334,0.045337,14931124968196550084,1,1,5,0
760,563,5.005520,17.04,17.040000,0.055334,0.045905,8126681013795392036,1,1,5,0
761,568,5.004680,19.26,19.260000,0.055334,0.044679,11756574977366372797,1,1,5,0
762,573,5.005170,17.04,17.040000,0.055334,0.045905,8636506106626442779,1,1,5,0
763,578,5.005860,17.04,17.040000,0.055334,0.045905,7766829680660960600,1,1,5,0
764,583,5.006320,17.04,17.040000,0.055334,0.045905,3090065316363863696,1,1,5,0
765,588,5.008070,28.55,28.550000,0.055334,0.039538,9201469516201835806,1,1,5,0
766,593,5.004210,68.96,68.960000,0.055334,0.017175,14823053614177400264,1,1,5,0
767,460,5.019500,50.66,50.660000,0.055340,0.027304,6542797110151751429,null,2,5,0
768,465,5.009590,50.66,50.660000,0.055340,0.027304,7749033178788242222,null,2,5,0
769,470,5.016530,50.66,50.660000,0.055340,0.027304,507352288690812279,null,2,5,0
770,475,5.020700,50.66,50.660000,0.055340,0.027304,9955798786459123000,null,2,5,0
771,480,5.014740,62.71,62.710000,0.055334,0.020633,15735776276737642617,null,2,5,0
772,486,5.019050,50.66,50.660000,0.055340,0.027304,5416055370803896127,null,2,5,0
773,491,5.022440,1.79769e+308,,,0.000349,7421875085868519775,null,2,5,0
774,496,5.009090,50.66,50.660000,0.055340,0.027304,8543137103688255145,null,2,5,0
775,501,5.021100,1.79769e+308,,,0.000298,9306898452323551672,null,2,5,0
776,506,5.017020,50.66,50.660000,0.055340,0.027304,13194839636557969606,null,2,5,0
777,511,5.016250,50.66,50.660000,0.055340,0.027304,9355654996557723724,null,2,5,0
778,516,5.013090,50.66,50.660000,0.055340,0.027304,8907118051106015178,null,2,5,0
779,521,5.011500,50.66,50.660000,0.055340,0.027304,7923842565052191711,null,2,5,0
780,526,5.007370,50.66,50.660000,0.055340,0.027304,1233698440903748172,null,2,5,0
781,531,5.007230,50.66,50.660000,0.055340,0.027304,10205712042370864729,null,2,5,0
782,536,5.013480,50.66,50.660000,0.055340,0.027304,15732645338147728200,null,2,5,0
783,541,5.013650,50.66,50.660000,0.055340,0.027304,15187773443784197953,null,2,5,0
784,546,5.014010,50.66,50.660000,0.055340,0.027304,3450828481881826619,null,2,5,0
785,551,5.010430,50.66,50.660000,0.055340,0.027304,1438889936191621008,null,2,5,0
786,557,5.009920,50.66,50.660000,0.055340,0.027304,14671123457236823573,null,2,5,0
787,562,5.012190,50.66,50.660000,0.055340,0.027304,4641208406263629829,null,2,5,0
788,567,5.017600,50.66,50.660000,0.055340,0.027304,18217672763288613444,null,2,5,0
789,572,5.007060,50.66,50.660000,0.055340,0.027304,5675655009087373163,null,2,5,0
790,577,5.017120,50.66,50.660000,0.055340,0.027304,18111760632934636106,null,2,5,0
791,582,5.027320,58.95,58.950000,0.063248,0.025965,15351157797485139629,null,2,5,0
792,587,5.008250,50.66,50.660000,0.055340,0.027304,10937034925078424468,null,2,5,0
793,592,5.028390,1.79769e+308,,,0.023875,10566256340500086976,null,2,5,0
794,460,5.014970,62.96,62.960000,0.063216,0.023415,10985933220626943179,null,3,5,0
795,465,5.016700,62.96,62.960000,0.063216,0.023415,16314448069114782505,null,3,5,0
796,470,5.021350,77.43,77.430000,0.063216,0.014270,478645900152370553,null,3,5,0
797,475,5.014690,62.96,62.960000,0.063216,0.023415,17035872979554019031,null,3,5,0
798,480,5.016030,62.96,62.960000,0.063216,0.023415,9831616565345699929,null,3,5,0
799,486,5.019980,59.8,59.800000,0.055334,0.022246,277897280118111268,null,3,5,0
800,491,5.016960,59.8,59.800000,0.055334,0.022246,7051089428149011949,null,3,5,0
801,496,5.014220,59.8,59.800000,0.055334,0.022246,13491664164096805402,null,3,5,0
802,501,5.010320,59.8,59.800000,0.055334,0.022246,15889183394805361936,null,3,5,0
803,506,5.015550,59.92,59.920000,0.055334,0.022177,2105598025546300554,null,3,5,0
804,511,5.014110,59.8,59.800000,0.055334,0.022246,4770575210911826146,null,3,5,0
805,516,5.012710,59.8,59.800000,0.055334,0.022246,16072060073392776584,null,3,5,0
806,521,5.012960,59.8,59.800000,0.055334,0.022246,9118297215840308702,null,3,5,0
807,526,5.019310,59.8,59.800000,0.055334,0.022246,5066226046350190722,null,3,5,0
808,531,5.018020,59.8,59.800000,0.055334,0.022246,958462780321003133,null,3,5,0
809,536,5.016760,59.8,59.800000,0.055334,0.022246,9843291472587770845,null,3,5,0
810,542,5.015720,59.8,59.800000,0.055334,0.022246,4118209390836001006,null,3,5,0
811,547,5.015900,59.8,59.800000,0.055334,0.022246,15567733188964257758,null,3,5,0
812,552,5.019150,59.8,59.800000,0.055334,0.022246,16873643155947569180,null,3,5,0
813,557,5.016400,59.8,59.800000,0.055334,0.022246,8376790529832413893,null,3,5,0
814,562,5.020510,59.89,59.890000,0.055334,0.022195,7471325073360555880,null,3,5,0
815,567,5.021020,59.8,59.800000,0.055334,0.022246,14219754421552857265,null,3,5,0
816,572,5.015700,59.8,59.800000,0.055334,0.022246,17342140967861903837,null,3,5,0
817,577,5.019250,59.8,59.800000,0.055334,0.022246,356807610746403564,null,3,5,0
818,582,5.021020,59.8,59.800000,0.055334,0.022246,3245794978291868407,null,3,5,0
819,587,5.014850,59.8,59.800000,0.055334,0.022246,1568682954777452592,null,3,5,0
820,592,5.019020,59.8,59.800000,0.055334,0.022246,11241219613995074723,null,3,5,0
821,460,5.010750,1.79769e+308,,,0.029674,4710358998980401221,null,4,5,0
822,465,5.012340,1.79769e+308,,,0.029676,11086951520854325190,null,4,5,0
823,470,5.010520,1.79769e+308,,,0.029676,15913027223020602146,null,4,5,0
824,475,5.011580,1.79769e+308,,,0.000013,7206914272961626293,null,4,5,0
825,480,5.017410,1.79769e+308,,,0.029386,18417731633481154446,null,4,5,0
826,486,5.010050,1.79769e+308,,,0.029676,15578967171358383727,null,4,5,0
827,491,5.015100,1.79769e+308,,,0.029676,13828475789365124372,null,4,5,0
828,496,5.015200,1.79769e+308,,,0.029383,656891286705766622,null,4,5,0
829,501,5.011900,1.79769e+308,,,0.000095,17373198385078895844,null,4,5,0
830,506,5.014240,1.79769e+308,,,0.029676,16879954471816380797,null,4,5,0
831,511,5.016740,1.79769e+308,,,0.027488,254850199185462667,null,4,5,0
832,516,5.010360,1.79769e+308,,,0.029386,1931094818840032210,null,4,5,0
833,521,5.012000,73.26,73.260000,0.055334,0.014797,18272549601485039732,null,4,5,0
834,526,5.010290,72.17,72.170000,0.055334,0.015399,7298693358530370479,null,4,5,0
835,531,5.009830,74.21,74.210000,0.055334,0.014268,5671145517670422188,null,4,5,0
836,537,5.006710,73.26,73.260000,0.055334,0.014797,2231165121900001682,null,4,5,0
837,542,5.011660,72.17,72.170000,0.055334,0.015399,882363568282165368,null,4,5,0
838,547,5.010910,73.26,73.260000,0.055334,0.014797,10328275193099524152,null,4,5,0
839,552,5.010500,73.26,73.260000,0.055334,0.014797,11975334091388990085,null,4,5,0
840,557,5.010030,73.26,73.260000,0.055334,0.014797,1352009834604529760,null,4,5,0
841,562,5.007810,72.17,72.170000,0.055334,0.015399,10933469888857255549,null,4,5,0
842,567,5.012790,73.26,73.260000,0.055334,0.014797,15645153212665894455,null,4,5,0
843,572,5.012340,73.26,73.260000,0.055334,0.014797,12642925420744534778,null,4,5,0
844,577,5.009920,74.21,74.210000,0.055334,0.014268,1824150818890872155,null,4,5,0
845,582,5.011730,72.17,72.170000,0.055334,0.015399,12677751560620927527,null,4,5,0
846,587,5.009940,74.21,74.210000,0.055334,0.014268,8644862572687722942,null,4,5,0
847,592,5.011880,72.17,72.170000,0.055334,0.015399,6668637724160493390,null,4,5,0
848,460,5.015640,68.27,68.270000,0.055334,0.017560,1044459277997947632,null,5,5,0
849,465,5.013770,68.27,68.270000,0.055334,0.017560,10370863509942709073,null,5,5,0
850,470,5.012350,68.27,68.270000,0.055334,0.017560,7958376982840330280,null,5,5,0
851,475,5.012770,68.27,68.270000,0.055334,0.017560,1825923722292775060,null,5,5,0
852,481,5.014590,63,63.000000,0.055334,0.020475,157020987317301315,null,5,5,0
853,486,5.016520,59.94,59.940000,0.055334,0.022167,643127455675469490,null,5,5,0
854,491,5.014290,59.94,59.940000,0.055334,0.022167,6726077645074821678,null,5,5,0
855,496,5.017540,59.94,59.940000,0.055334,0.022167,7722172976031816864,null,5,5,0
856,501,5.013540,52.86,52.860000,0.055334,0.026086,6163211878950582360,null,5,5,0
857,506,5.015140,52.86,52.860000,0.055334,0.026086,12173138377483314148,null,5,5,0
858,511,5.016160,52.86,52.860000,0.055334,0.026086,6152193011621905039,null,5,5,0
859,516,5.017130,52.86,52.860000,0.055334,0.026086,10160989405781055178,null,5,5,0
860,521,5.017010,65.66,65.660000,0.055334,0.019000,5142319856609793388,null,5,5,0
861,526,5.015030,52.86,52.860000,0.055334,0.026086,16062620956414786317,null,5,5,0
862,531,5.020570,52.86,52.860000,0.055334,0.026086,4101750374486061776,null,5,5,0
863,537,5.010660,57.02,57.020000,0.055334,0.023780,16982307053426590757,null,5,5,0
864,542,5.015850,52.86,52.860000,0.055334,0.026086,2100107720734800307,null,5,5,0
865,547,5.018580,52.86,52.860000,0.055334,0.026086,9069704662787987765,null,5,5,0
866,552,5.017560,52.86,52.860000,0.055334,0.026086,7458338997825319293,null,5,5,0
867,557,5.016260,52.86,52.860000,0.055334,0.026086,2464598457179662383,null,5,5,0
868,562,5.018160,100,100.000000,38.110600,0.000288,3573560928649393167,null,5,5,0
869,567,5.021280,59.94,59.940000,0.055334,0.022167,14873744474759993060,null,5,5,0
870,572,5.015260,52.86,52.860000,0.055334,0.026086,4179467893448720609,null,5,5,0
871,577,5.012600,66.01,66.010000,0.055334,0.018805,6781305526393317411,null,5,5,0
872,582,5.015490,52.86,52.860000,0.055334,0.026086,1731193119431787835,null,5,5,0
873,587,5.019130,52.86,52.860000,0.055334,0.026086,12910067974557951821,null,5,5,0
874,592,5.018760,52.86,52.860000,0.055334,0.026086,14699171312749891435,null,5,5,0
875,460,5.008980,74.73,74.730000,0.055334,0.013986,14925408077871549008,null,6,5,0
876,465,5.008540,74.73,74.730000,0.055334,0.013986,15792431731109120025,null,6,5,0
877,470,5.008960,74.73,74.730000,0.055334,0.013986,16388722338677310107,null,6,5,0
878,475,5.008450,74.73,74.730000,0.055334,0.013986,6796956050008781022,null,6,5,0
879,480,5.006070,73.84,73.840000,0.055334,0.014473,12480465870696129751,null,6,5,0
880,486,5.007550,73.84,73.840000,0.055334,0.014473,5746011178792651820,null,6,5,0
881,491,5.011650,73.84,73.840000,0.055334,0.014473,13702057917065242754,null,6,5,0
882,496,5.008200,73.84,73.840000,0.055334,0.014473,543906739407456761,null,6,5,0
883,501,5.010690,73.84,73.840000,0.055334,0.014473,18058966571917740463,null,6,5,0
884,506,5.008090,73.84,73.840000,0.055334,0.014473,4845096794450073188,null,6,5,0
885,511,5.007450,64.47,64.470000,0.055334,0.019658,9249450389885730843,null,6,5,0
886,516,5.004530,64.47,64.470000,0.055334,0.019658,16229771822544777278,null,6,5,0
887,521,5.007000,64.47,64.470000,0.055334,0.019658,1317732922748143370,null,6,5,0
888,526,5.006990,64.62,64.620000,0.055334,0.019575,12887670579494107601,null,6,5,0
889,531,5.006990,64.47,64.470000,0.055334,0.019658,17317829077883754316,null,6,5,0
890,536,5.006490,64.47,64.470000,0.055334,0.019658,14539646568396293653,null,6,5,0
891,541,5.008240,64.47,64.470000,0.055334,0.019658,12875396300414087439,null,6,5,0
892,547,5.007320,64.47,64.470000,0.055334,0.019658,2109510497494760752,null,6,5,0
893,552,5.007690,64.47,64.470000,0.055334,0.019658,10653025528840956072,null,6,5,0
894,557,5.007620,66.37,66.370000,0.055334,0.018607,15643145895046479213,null,6,5,0
895,562,5.007640,64.47,64.470000,0.055334,0.019658,1834022167485000221,null,6,5,0
896,567,5.004610,64.47,64.470000,0.055334,0.019658,6531871560775206646,null,6,5,0
897,572,5.006680,64.47,64.470000,0.055334,0.019658,3444030206369007556,null,6,5,0
898,577,5.008640,64.47,64.470000,0.055334,0.019658,13481587107770649451,null,6,5,0
899,582,5.006200,70.77,70.770000,0.063216,0.018476,2846945120450782478,null,6,5,0
900,587,5.007150,64.47,64.470000,0.055334,0.019658,10613840413809302984,null,6,5,0
901,592,5.007320,64.47,64.470000,0.055334,0.019658,760810738726912740,null,6,5,0
902,460,5.008640,100,100.000000,63.134300,0.000013,16283705150442636822,null,7,5,0
903,465,5.008390,100,100.000000,63.134300,0.000013,5034190895947090613,null,7,5,0
904,470,5.008640,100,100.000000,63.134300,0.000013,1855231059601027478,null,7,5,0
905,475,5.008550,100,100.000000,63.134300,0.000013,10009387177424973787,null,7,5,0
906,480,5.008340,100,100.000000,63.134300,0.000013,5398585663196161715,null,7,5,0
907,485,5.006390,100,100.000000,63.134300,0.000013,670929295867433754,null,7,5,0
908,491,5.008980,100,100.000000,63.134300,0.000013,13435330457274652278,null,7,5,0
909,496,5.008520,100,100.000000,63.134300,0.000013,13023705030228639938,null,7,5,0
910,501,5.011700,66.37,66.370000,0.055334,0.018607,7401572073910476670,null,7,5,0
911,506,5.010400,66.37,66.370000,0.055334,0.018607,4667983280212583163,null,7,5,0
912,511,5.007890,66.37,66.370000,0.055334,0.018607,8153619751675501888,null,7,5,0
913,516,5.007340,66.37,66.370000,0.055334,0.018607,11710557755019905398,null,7,5,0
914,521,5.009420,66.37,66.370000,0.055334,0.018607,8355807707620015924,null,7,5,0
915,526,5.007730,66.37,66.370000,0.055334,0.018607,13057501491729800570,null,7,5,0
916,531,5.007230,66.37,66.370000,0.055334,0.018607,4817039954011327233,null,7,5,0
917,536,5.007750,66.37,66.370000,0.055334,0.018607,1995086072302272352,null,7,5,0
918,541,5.008080,66.37,66.370000,0.055334,0.018607,1861762849840616141,null,7,5,0
919,546,5.007410,66.37,66.370000,0.055334,0.018607,13299963654501634573,null,7,5,0
920,551,5.006770,66.37,66.370000,0.055334,0.018607,15891939763460295982,null,7,5,0
921,557,5.010390,66.37,66.370000,0.055334,0.018607,5264499041995606955,null,7,5,0
922,562,5.007550,66.37,66.370000,0.055334,0.018607,13939865418160635086,null,7,5,0
923,567,5.006140,66.37,66.370000,0.055334,0.018607,480479228069589789,null,7,5,0
924,572,5.009440,66.37,66.370000,0.055334,0.018607,5770705128101520436,null,7,5,0
925,577,5.007870,66.37,66.370000,0.055334,0.018607,4941950274894397572,null,7,5,0
926,582,5.013440,66.37,66.370000,0.055334,0.018607,6798835042950546553,null,7,5,0
927,587,5.006670,66.37,66.370000,0.055334,0.018607,4104908926773754272,null,7,5,0
928,592,5.009820,72.07,72.070000,0.055334,0.015457,10891024923782211597,null,7,5,0
929,599,5.013700,22.71,22.710000,0.055334,0.042766,7353407797806503793,null,0,5,1
930,604,5.012506,22.71,22.710000,0.055334,0.042766,10691321683126991610,null,0,5,1
931,609,5.007797,60.86,60.860000,0.055334,0.021659,336789054143514527,null,0,5,1
932,614,5.007797,17.67,17.670000,0.055334,0.045557,13949132070038287782,null,0,5,1
933,599,5.007873,17.1,17.100000,0.055334,0.045873,9858845604230722397,null,1,5,1
934,604,5.007117,17.1,17.100000,0.055334,0.045873,14177487215968254077,null,1,5,1
935,609,5.008842,18.01,18.010000,0.055334,0.045368,16391585639492483853,null,1,5,1
936,614,5.010321,17.51,17.510000,0.055334,0.045647,1736102786591306469,null,1,5,1
937,599,5.007820,17.1,17.100000,0.055334,0.045873,4698175502642934844,null,2,5,1
938,604,5.007091,17.1,17.100000,0.055334,0.045873,14243607670870289608,null,2,5,1
939,609,5.008229,18.01,18.010000,0.055334,0.045368,3190664680914286351,null,2,5,1
940,614,5.009051,25.49,25.490000,0.055334,0.041229,9481087220582748482,null,2,5,1
941,599,5.021095,73.97,73.970000,0.055334,0.014404,15582323957296977134,null,3,5,1
942,604,5.008740,18.44,18.440000,0.055334,0.045132,6018881068309716135,null,3,5,1
943,609,5.019990,85.73,85.730000,0.055334,0.007895,11910271781042486276,null,3,5,1
944,614,5.007801,21.34,21.340000,0.055334,0.043525,7556316563038260983,null,3,5,1
945,599,5.010172,17.1,17.100000,0.055334,0.045873,3042632542209245697,null,4,5,1
946,604,5.009474,43.4,43.400000,0.055334,0.031319,4813109595693694451,null,4,5,1
947,609,5.007278,19.84,19.840000,0.055334,0.044357,12451404453004244224,null,4,5,1
948,614,5.007535,17.78,17.780000,0.055334,0.045493,11687826326472756399,null,4,5,1
949,599,5.007415,19.86,19.860000,0.055334,0.044345,11759058514813680226,null,5,5,1
950,604,5.009761,17.06,17.060000,0.055334,0.045892,17677491674974003017,null,5,5,1
951,609,5.010837,17.06,17.060000,0.055334,0.045892,11127988882852500333,null,5,5,1
952,599,5.007958,16.97,16.970000,0.055334,0.045944,10772648648764022957,null,6,5,1
953,604,5.006631,16.8,16.800000,0.055334,0.046038,17585843879529929204,null,6,5,1
954,609,5.008398,16.94,16.940000,0.055334,0.045960,6801203200904049846,null,6,5,1
955,599,5.007676,16.94,16.940000,0.055334,0.045960,14768580124533933176,null,7,5,1
956,604,5.008002,19.15,19.150000,0.055334,0.044738,12324383463098123755,null,7,5,1
957,609,5.007358,17.03,17.030000,0.055334,0.045911,685569446510649089,null,7,5,1
958,620,5.006876,16.99,16.990000,0.055334,0.045931,12133403202703785411,null,0,6,0
959,625,5.007200,17.03,17.030000,0.055334,0.045911,14046063917725991584,null,0,6,0
960,630,5.008023,42.73,42.730000,0.055334,0.031688,4335065504766885185,null,0,6,0
961,635,5.007238,16.46,16.460000,0.055334,0.046225,11478680356058302078,null,0,6,0
962,640,5.008478,17.08,17.080000,0.055334,0.045885,2872534830634933225,null,0,6,0
963,645,5.010645,21.34,21.340000,0.055334,0.043525,7556316563038260983,null,0,6,0
964,650,5.007533,22.06,22.060000,0.055334,0.043127,5513839217188420570,null,0,6,0
965,655,5.011180,24.25,24.250000,0.055334,0.041913,6919083740206634249,null,0,6,0
966,660,5.017827,71.46,71.460000,0.055334,0.015790,15582323957296977134,null,0,6,0
967,665,5.010815,35.8,35.800000,0.055334,0.035525,15263303295523066292,null,0,6,0
968,670,5.008730,16.94,16.940000,0.055334,0.045960,14768580124533933176,null,0,6,0
969,676,5.020374,85.73,85.730000,0.055334,0.007895,11910271781042486276,null,0,6,0
970,681,5.011475,17.06,17.060000,0.055334,0.045892,6018881068309716135,null,0,6,0
971,686,5.007200,16.02,16.020000,0.055334,0.046467,8017616680183360659,null,0,6,0
972,691,5.007972,22.74,22.740000,0.055334,0.042754,17666197666118375367,null,0,6,0
973,696,5.024583,85.73,85.730000,0.055334,0.007895,2781585752636279105,null,0,6,0
974,701,5.008380,65.61,65.610000,0.055334,0.019031,11064888679587694837,null,0,6,0
975,706,5.006122,15.61,15.610000,0.055334,0.046698,3247763102572888448,null,0,6,0
976,711,5.008084,16.8,16.800000,0.055334,0.046038,2298370055629152082,null,0,6,0
977,716,5.012624,17.06,17.060000,0.055334,0.045892,15757060247882324617,null,0,6,0
978,721,5.007648,14.48,14.480000,0.055334,0.047323,10582515878330351787,null,0,6,0
979,726,5.008281,15.61,15.610000,0.055334,0.046698,13686727542576263106,null,0,6,0
980,732,5.009402,34.11,34.110000,0.055334,0.036457,10894461843489669506,null,0,6,0
981,737,5.008550,16.46,16.460000,0.055334,0.046225,15651616799489122783,null,0,6,0
982,742,5.008394,16.02,16.020000,0.055334,0.046467,18147512771370780955,null,0,6,0
983,747,5.008617,22.06,22.060000,0.055334,0.043127,13083299797467233931,null,0,6,0
984,752,5.063500,99.99,99.990000,22.047407,0.001625,1403586182069616406,null,0,6,0
985,757,5.008099,16.02,16.020000,0.055334,0.046467,16282323947920428597,null,0,6,0
986,762,5.008681,15.67,15.670000,0.055334,0.046662,2236645126500829836,null,0,6,0
987,767,5.006852,15.65,15.650000,0.055334,0.046675,2362071192357788867,null,0,6,0
988,620,5.005100,17.04,17.040000,0.055334,0.045905,6850091827605451696,1,1,6,0
989,625,5.006640,17.04,17.040000,0.055334,0.045906,6801203200904049847,1,1,6,0
990,630,5.007410,24.84,24.840000,0.055334,0.041587,9118310083436150482,1,1,6,0
991,635,5.006990,42.71,42.710000,0.055334,0.031701,4335065504766885186,1,1,6,0
992,640,5.007280,94.24,94.240000,0.055334,0.003190,4813109595693694450,1,1,6,0
993,645,5.005600,17.04,17.040000,0.055334,0.045905,14769361599768281963,1,1,6,0
994,651,5.008210,17.07,17.070000,0.055334,0.045886,4846335976989565971,1,1,6,0
995,656,5.006290,17,17.000000,0.055334,0.045924,11478680356058302079,1,1,6,0
996,661,5.006690,29.17,29.170000,0.055334,0.039192,17231416113687282386,1,1,6,0
997,666,5.005520,16.9,16.900000,0.055334,0.045981,7719830200508608967,1,1,6,0
998,671,5.004900,17.03,17.030000,0.055334,0.045911,2322493714107949343,1,1,6,0
999,676,5.004990,16.98,16.980000,0.055334,0.045937,16297390780232813179,1,1,6,0
1000,681,5.007660,22.71,22.710000,0.055334,0.042766,1880171061973881683,1,1,6,0
1001,686,5.005280,22.71,22.710000,0.055334,0.042766,4077520590685086250,1,1,6,0
1002,692,5.008980,17.03,17.030000,0.055334,0.045911,2737096024312625928,1,1,6,0
1003,697,5.007750,22.71,22.710000,0.055334,0.042766,9900196543614635595,1,1,6,0
1004,702,5.004620,17.04,17.040000,0.055334,0.045906,9466786523940860305,1,1,6,0
1005,707,5.006760,17.58,17.580000,0.055334,0.045608,16173427862043561628,1,1,6,0
1006,712,5.006240,17.04,17.040000,0.055334,0.045906,17479702079087148137,1,1,6,0
1007,717,5.006290,17.07,17.070000,0.055334,0.045886,7580861943606383869,1,1,6,0
1008,722,5.009020,50.11,50.110000,0.055334,0.027605,16863464602091673868,1,1,6,0
1009,727,5.005990,17.08,17.080000,0.055334,0.045882,16852710496428838464,1,1,6,0
1010,732,5.008490,25.5,25.500000,0.055334,0.041226,16692127304032750980,1,1,6,0
1011,738,5.006170,17.03,17.030000,0.055334,0.045911,4219302982307040555,1,1,6,0
1012,743,5.005430,15.59,15.590000,0.055334,0.046707,14712747254165236067,1,1,6,0
1013,748,5.004810,15.18,15.180000,0.055334,0.046936,17641119969407478293,1,1,6,0
1014,753,5.019830,71.57,71.570000,0.055334,0.015733,17228628932659249544,1,1,6,0
1015,758,5.002660,22.69,22.690000,0.055334,0.042779,3004942709232389183,1,1,6,0
1016,763,5.007010,15.55,15.550000,0.055334,0.046731,16903150698085849797,1,1,6,0
1017,768,5.006230,15.39,15.390000,0.055334,0.046816,6565055979693414929,1,1,6,0
1018,620,5.018490,100,100.000000,63.134300,0.000013,7193254526866938811,null,2,6,0
1019,625,5.021760,100,100.000000,63.134300,0.000013,2569170621240779969,null,2,6,0
1020,630,5.023990,100,100.000000,63.134300,0.000013,16432018661336063201,null,2,6,0
1021,635,5.023840,100,100.000000,63.134300,0.000013,7351843167040069943,null,2,6,0
1022,640,5.017850,100,100.000000,63.134300,0.000013,13032006197571529364,null,2,6,0
1023,645,5.011790,100,100.000000,63.134300,0.000013,3724861684026831290,null,2,6,0
1024,650,5.010730,100,100.000000,63.134300,0.000022,6542565820237874733,null,2,6,0
1025,655,5.023370,100,100.000000,63.134300,0.000013,7718941928645199193,null,2,6,0
1026,660,5.023630,100,100.000000,63.134300,0.000013,8153049174234424699,null,2,6,0
1027,665,5.023940,100,100.000000,63.134300,0.000013,3037942870725214740,null,2,6,0
1028,671,5.013410,100,100.000000,63.134300,0.000013,12174042522409881057,null,2,6,0
1029,676,5.023820,100,100.000000,63.134300,0.000013,14149171042412545224,null,2,6,0
1030,681,5.023540,100,100.000000,63.134300,0.000013,13006745664891336210,null,2,6,0
1031,686,5.022190,100,100.000000,63.134300,0.000013,6513418131949034224,null,2,6,0
1032,691,5.007380,100,100.000000,63.134300,0.000013,7718064709456860605,null,2,6,0
1033,696,5.025200,100,100.000000,63.134300,0.000013,16325150239663538295,null,2,6,0
1034,701,5.018880,100,100.000000,63.134300,0.000013,8722537858374589394,null,2,6,0
1035,706,5.024390,100,100.000000,63.134300,0.000013,4079430276060129494,null,2,6,0
1036,711,5.018230,100,100.000000,63.134300,0.000013,14120400182427798973,null,2,6,0
1037,716,5.010620,100,100.000000,63.134300,0.000022,11721061851672795713,null,2,6,0
1038,721,5.027360,100,100.000000,63.134300,0.000013,9936755912758387176,null,2,6,0
1039,726,5.024540,100,100.000000,63.134300,0.000013,18280533938781517862,null,2,6,0
1040,731,5.024870,100,100.000000,63.134300,0.000013,7091582080529864572,null,2,6,0
1041,736,5.016630,100,100.000000,63.134300,0.000013,145380691612010688,null,2,6,0
1042,742,5.019680,100,100.000000,63.134300,0.000013,16621645319865382438,null,2,6,0
1043,747,5.024370,100,100.000000,63.134300,0.000013,15392252150090692140,null,2,6,0
1044,752,5.019550,100,100.000000,63.134300,0.000013,4296947707709888356,null,2,6,0
1045,757,5.022970,100,100.000000,63.134300,0.000013,11893359005618970920,null,2,6,0
1046,762,5.024750,100,100.000000,63.134300,0.000013,11572502390730239346,null,2,6,0
1047,767,5.024510,100,100.000000,63.134300,0.000013,1020272432895360521,null,2,6,0
1048,620,5.010870,71.38,71.380000,0.055334,0.015835,12290759146175856772,null,3,6,0
1049,625,5.009980,71.38,71.380000,0.055334,0.015835,14181853122583289980,null,3,6,0
1050,630,5.012490,71.38,71.380000,0.055334,0.015835,331460785934432628,null,3,6,0
1051,635,5.010130,71.38,71.380000,0.055334,0.015835,16094655340652692204,null,3,6,0
1052,640,5.012290,71.38,71.380000,0.055334,0.015835,2609674898691259184,null,3,6,0
1053,645,5.011300,71.38,71.380000,0.055334,0.015835,4368812827663006847,null,3,6,0
1054,650,5.010590,71.38,71.380000,0.055334,0.015835,278369812335579140,null,3,6,0
1055,655,5.011210,71.38,71.380000,0.055334,0.015835,13707898758137915340,null,3,6,0
1056,660,5.009710,71.38,71.380000,0.055334,0.015835,7997003024146773529,null,3,6,0
1057,666,5.010480,71.38,71.380000,0.055334,0.015835,15693172981220001933,null,3,6,0
1058,671,5.010080,71.38,71.380000,0.055334,0.015835,13288033845025567205,null,3,6,0
1059,676,5.010770,71.38,71.380000,0.055334,0.015835,6362034650632268372,null,3,6,0
1060,681,5.009980,71.38,71.380000,0.055334,0.015835,18335105962089044756,null,3,6,0
1061,686,5.010300,71.38,71.380000,0.055334,0.015835,10954017890441964430,null,3,6,0
1062,691,5.011960,74.95,74.950000,0.063216,0.015835,14312148628261110324,null,3,6,0
1063,696,5.010890,71.38,71.380000,0.055334,0.015835,12556625445298905958,null,3,6,0
1064,701,5.011330,77.79,77.790000,0.055334,0.012288,7157512226987103931,null,3,6,0
1065,706,5.009780,71.38,71.380000,0.055334,0.015835,13764860869017431942,null,3,6,0
1066,711,5.009820,71.38,71.380000,0.055334,0.015835,16382798195384730566,null,3,6,0
1067,716,5.010300,71.38,71.380000,0.055334,0.015835,7087902814043094079,null,3,6,0
1068,721,5.013390,71.38,71.380000,0.055334,0.015835,476463273947796723,null,3,6,0
1069,727,5.011150,71.38,71.380000,0.055334,0.015835,3081663369895386775,null,3,6,0
1070,732,5.009930,71.38,71.380000,0.055334,0.015835,6746880291659021690,null,3,6,0
1071,737,5.011090,71.38,71.380000,0.055334,0.015835,3747019614537273040,null,3,6,0
1072,742,5.009100,74.96,74.960000,0.063229,0.015835,4888745215809552286,null,3,6,0
1073,747,5.010600,71.38,71.380000,0.055334,0.015835,10365607055439716766,null,3,6,0
1074,752,5.011420,71.38,71.380000,0.055334,0.015835,17107799763084753981,null,3,6,0
1075,757,5.011840,74.95,74.950000,0.063216,0.015837,12382861153591699635,null,3,6,0
1076,762,5.014060,71.38,71.380000,0.055334,0.015835,16476122483418361799,null,3,6,0
1077,767,5.013280,71.38,71.380000,0.055334,0.015835,10650600415232493933,null,3,6,0
1078,620,5.008600,1.79769e+308,,,0.000013,16799277109991070108,null,4,6,0
1079,625,5.007930,1.79769e+308,,,0.000013,9989914356275271188,null,4,6,0
1080,630,5.008030,1.79769e+308,,,0.000013,6986221244810701951,null,4,6,0
1081,635,5.008680,1.79769e+308,,,0.000013,1734034719299057533,null,4,6,0
1082,640,5.008240,1.79769e+308,,,0.000013,9612240659816125082,null,4,6,0
1083,645,5.006910,1.79769e+308,,,0.000013,453604256831805319,null,4,6,0
1084,650,5.007030,1.79769e+308,,,0.000013,2818084033719456146,null,4,6,0
1085,655,5.007450,1.79769e+308,,,0.000013,12421453348721300882,null,4,6,0
1086,660,5.007130,1.79769e+308,,,0.000013,7416989421547764692,null,4,6,0
1087,665,5.008870,1.79769e+308,,,0.000013,6595439627767381658,null,4,6,0
1088,670,5.008770,1.79769e+308,,,0.000013,6854916490490333665,null,4,6,0
1089,675,5.008140,1.79769e+308,,,0.000013,16361712594954315571,null,4,6,0
1090,681,5.008210,1.79769e+308,,,0.000013,7261947318596394484,null,4,6,0
1091,686,5.008380,1.79769e+308,,,0.000013,8637201747579856172,null,4,6,0
1092,691,5.008370,1.79769e+308,,,0.000013,4958785165825374726,null,4,6,0
1093,696,5.007080,78.13,78.130000,0.086983,0.019024,8165299624525379472,null,4,6,0
1094,701,5.007270,78.13,78.130000,0.086983,0.019024,15720695438202382432,null,4,6,0
1095,706,5.006100,82.81,82.810000,0.102888,0.017686,17605634689649882438,null,4,6,0
1096,711,5.009090,78.13,78.130000,0.086983,0.019024,7639576415812673458,null,4,6,0
1097,716,5.009660,65.62,65.620000,0.055334,0.019024,7802348517749456189,null,4,6,0
1098,721,5.009020,65.62,65.620000,0.055334,0.019024,12655725689864467967,null,4,6,0
1099,726,5.011790,65.62,65.620000,0.055334,0.019024,9052807533588838835,null,4,6,0
1100,731,5.009100,68.61,68.610000,0.055334,0.017369,17010375244608785820,null,4,6,0
1101,736,5.009860,65.62,65.620000,0.055334,0.019024,5509149376438310933,null,4,6,0
1102,742,5.059920,1.79769e+308,,,0.023742,13840225559896695026,null,4,6,0
1103,747,5.013100,65.62,65.620000,0.055334,0.019024,16254907751964191457,null,4,6,0
1104,752,5.011280,65.62,65.620000,0.055334,0.019024,16405779403638523775,null,4,6,0
1105,757,5.013220,65.62,65.620000,0.055334,0.019024,12049265069003874869,null,4,6,0
1106,762,5.013360,65.62,65.620000,0.055334,0.019024,2195903327491885498,null,4,6,0
1107,767,5.011830,65.62,65.620000,0.055334,0.019024,16100938244973925440,null,4,6,0
1108,620,5.010880,85.73,85.730000,0.055334,0.007895,1822500500545942919,null,5,6,0
1109,625,5.008150,85.73,85.730000,0.055334,0.007895,10434703830744589088,null,5,6,0
1110,630,5.011420,85.73,85.730000,0.055334,0.007895,7743254335628768617,null,5,6,0
1111,635,5.010340,85.73,85.730000,0.055334,0.007895,10086193808637841334,null,5,6,0
1112,640,5.015710,85.73,85.730000,0.055334,0.007895,5966218606064297843,null,5,6,0
1113,645,5.008780,85.73,85.730000,0.055334,0.007895,9737240543524336216,null,5,6,0
1114,650,5.011940,85.73,85.730000,0.055334,0.007895,15660266104350204320,null,5,6,0
1115,655,5.012860,85.73,85.730000,0.055334,0.007895,16776607386345156659,null,5,6,0
1116,660,5.012710,85.73,85.730000,0.055334,0.007895,7443410689227600529,null,5,6,0
1117,666,5.013650,85.73,85.730000,0.055334,0.007895,10798083778846805063,null,5,6,0
1118,671,5.009630,85.73,85.730000,0.055334,0.007895,15800049055284855808,null,5,6,0
1119,676,5.010760,85.73,85.730000,0.055334,0.007895,14299578326873313880,null,5,6,0
1120,681,5.012250,85.73,85.730000,0.055334,0.007895,10163526927151642559,null,5,6,0
1121,686,5.015080,85.73,85.730000,0.055334,0.007895,4471144227640607820,null,5,6,0
1122,691,5.011830,85.73,85.730000,0.055334,0.007895,731805325085630275,null,5,6,0
1123,696,5.013100,85.73,85.730000,0.055334,0.007895,3592226009988049938,null,5,6,0
1124,701,5.009750,85.73,85.730000,0.055334,0.007895,2509791798466990749,null,5,6,0
1125,706,5.008040,85.73,85.730000,0.055334,0.007895,10101202820961728679,null,5,6,0
1126,711,5.009310,85.73,85.730000,0.055334,0.007895,1195663993490721330,null,5,6,0
1127,716,5.021600,57.1,57.100000,0.055334,0.023739,3417235949489388307,null,5,6,0
1128,721,5.015740,57.1,57.100000,0.055334,0.023739,5042870805715637530,null,5,6,0
1129,726,5.023540,57.1,57.100000,0.055334,0.023739,14386872038445347275,null,5,6,0
1130,732,5.023910,57.1,57.100000,0.055334,0.023739,16558080541296306233,null,5,6,0
1131,737,5.023920,57.1,57.100000,0.055334,0.023739,13118225309336755271,null,5,6,0
1132,742,5.024360,57.1,57.100000,0.055334,0.023739,6650188327712739399,null,5,6,0
1133,747,5.023870,57.1,57.100000,0.055334,0.023739,15516723398773116689,null,5,6,0
1134,752,5.021490,57.09,57.090000,0.055334,0.023742,3493777095489197809,null,5,6,0
1135,757,5.027860,57.09,57.090000,0.055334,0.023742,309096118670021737,null,5,6,0
1136,762,5.047990,1.79769e+308,,,0.023745,12525249149673878309,null,5,6,0
1137,767,5.031010,57.09,57.090000,0.055334,0.023742,9854689965288414266,null,5,6,0
1138,620,5.008770,100,100.000000,63.134300,0.000013,17944428482738773086,null,6,6,0
1139,625,5.008430,100,100.000000,63.134300,0.000013,6821651683966609846,null,6,6,0
1140,630,5.014870,100,100.000000,63.134300,0.000013,17258233501160926086,null,6,6,0
1141,635,5.008440,100,100.000000,63.134300,0.000013,1180861417668593762,null,6,6,0
1142,640,5.016270,100,100.000000,63.134300,0.000013,17354600604315628085,null,6,6,0
1143,645,5.009170,100,100.000000,63.134300,0.000013,8150983549440034940,null,6,6,0
1144,650,5.008920,100,100.000000,63.134300,0.000013,10402835790396458768,null,6,6,0
1145,655,5.009330,100,100.000000,63.134300,0.000013,3862552585759826414,null,6,6,0
1146,660,5.009580,100,100.000000,63.134300,0.000013,15756584130506111053,null,6,6,0
1147,665,5.009550,100,100.000000,63.134300,0.000013,13867930826539825114,null,6,6,0
1148,670,5.009050,100,100.000000,63.134300,0.000013,14936907646429288095,null,6,6,0
1149,675,5.009010,100,100.000000,63.134300,0.000013,13794695530669091100,null,6,6,0
1150,681,5.010890,100,100.000000,63.134300,0.000013,3039677369682165714,null,6,6,0
1151,686,5.007210,100,100.000000,18.165900,0.000013,1378464104409981927,null,6,6,0
1152,691,5.008290,100,100.000000,63.134300,0.000013,7635570932771153229,null,6,6,0
1153,696,5.008200,100,100.000000,63.134300,0.000013,7993696710797629842,null,6,6,0
1154,701,5.008410,100,100.000000,63.134300,0.000013,17969381976734326352,null,6,6,0
1155,706,5.009390,100,100.000000,63.134300,0.000013,5812512279748066017,null,6,6,0
1156,711,5.009050,100,100.000000,63.134300,0.000013,4571763589409515708,null,6,6,0
1157,716,5.008710,100,100.000000,63.134300,0.000013,6612362673587634893,null,6,6,0
1158,721,5.015480,100,100.000000,63.134300,0.000013,5538839810139192000,null,6,6,0
1159,726,5.008260,100,100.000000,63.134300,0.000013,2783944413210713958,null,6,6,0
1160,731,5.009030,100,100.000000,63.134300,0.000013,9227640155408374097,null,6,6,0
1161,736,5.009020,100,100.000000,63.134300,0.000013,4476937289256287027,null,6,6,0
1162,741,5.008880,100,100.000000,63.134300,0.000013,8562780723322273383,null,6,6,0
1163,746,5.009120,100,100.000000,63.134300,0.000013,7078201640544989323,null,6,6,0
1164,751,5.009130,100,100.000000,63.134300,0.000013,6913447203202954099,null,6,6,0
1165,756,5.009000,100,100.000000,63.134300,0.000013,6053610923660478564,null,6,6,0
1166,762,5.009380,100,100.000000,63.134300,0.000013,12314862490084245980,null,6,6,0
1167,767,5.009180,100,100.000000,63.134300,0.000013,9738179601806278277,null,6,6,0
1168,620,5.007790,71.35,71.350000,0.055334,0.015854,6380832075467377618,null,7,6,0
1169,625,5.007550,71.35,71.350000,0.055334,0.015854,3926726239037450102,null,7,6,0
1170,630,5.007530,74.93,74.930000,0.055334,0.013872,8186956271455312960,null,7,6,0
1171,635,5.006820,71.35,71.350000,0.055334,0.015854,8960256409093636969,null,7,6,0
1172,640,5.007720,71.35,71.350000,0.055334,0.015854,15033534911669053041,null,7,6,0
1173,645,5.009230,71.35,71.350000,0.055334,0.015854,16721207737226678402,null,7,6,0
1174,650,5.006750,71.35,71.350000,0.055334,0.015854,3686056084829882366,null,7,6,0
1175,655,5.007800,71.35,71.350000,0.055334,0.015854,4334410608984645790,null,7,6,0
1176,660,5.010290,99.97,99.970000,0.055334,0.000019,8814167701496990135,null,7,6,0
1177,666,5.009880,99.97,99.970000,0.055334,0.000017,3016762569429943114,null,7,6,0
1178,671,5.010670,71.35,71.350000,0.055334,0.015854,5046669188126692379,null,7,6,0
1179,676,5.009180,71.35,71.350000,0.055334,0.015854,2202379552365759533,null,7,6,0
1180,681,5.005750,71.35,71.350000,0.055334,0.015854,3498515011422240497,null,7,6,0
1181,686,5.014970,71.35,71.350000,0.055334,0.015854,307533364525349643,null,7,6,0
1182,691,5.008710,74.21,74.210000,0.055334,0.014268,928229433678747058,null,7,6,0
1183,696,5.007710,72.3,72.300000,0.055334,0.015325,3247400891005445941,null,7,6,0
1184,701,5.007860,71.35,71.350000,0.055334,0.015854,9757190261860964419,null,7,6,0
1185,706,5.007730,71.35,71.350000,0.055334,0.015854,9598856273066391248,null,7,6,0
1186,711,5.009590,71.35,71.350000,0.055334,0.015854,16525280113786791431,null,7,6,0
1187,716,5.008460,71.35,71.350000,0.055334,0.015854,1406819180061179285,null,7,6,0
1188,721,5.016700,71.35,71.350000,0.055334,0.015854,5221048996996072628,null,7,6,0
1189,726,5.009400,71.35,71.350000,0.055334,0.015854,9239592731749805569,null,7,6,0
1190,731,5.007790,74.93,74.930000,0.055334,0.013872,13979885057980822156,null,7,6,0
1191,737,5.008630,71.35,71.350000,0.055334,0.015854,11146617508641886105,null,7,6,0
1192,742,5.006630,72.3,72.300000,0.055334,0.015325,6116025831028930530,null,7,6,0
1193,747,5.007530,71.35,71.350000,0.055334,0.015854,5562671581306882431,null,7,6,0
1194,752,5.008600,71.35,71.350000,0.055334,0.015854,9335935479157857796,null,7,6,0
1195,757,5.007580,67.53,67.530000,0.055334,0.017968,3779693159100874169,null,7,6,0
1196,762,5.006770,71.35,71.350000,0.055334,0.015854,4359975227031214471,null,7,6,0
1197,767,5.006930,71.35,71.350000,0.055334,0.015854,9157375029548952732,null,7,6,0
1198,773,5.009079,18.01,18.010000,0.055334,0.045368,16260350506628442770,null,0,6,1
1199,779,5.011160,18.01,18.010000,0.055334,0.045368,5876299370425740803,null,0,6,1
1200,773,5.006823,17.13,17.130000,0.055334,0.045854,15388439349157003543,null,1,6,1
1201,779,5.009653,17.28,17.280000,0.055334,0.045774,14092010516166953105,null,1,6,1
1202,773,5.007919,17.1,17.100000,0.055334,0.045873,6657914096692509789,null,2,6,1
1203,779,5.008557,17.1,17.100000,0.055334,0.045873,17674702675072251424,null,2,6,1
1204,773,5.008596,17.1,17.100000,0.055334,0.045873,18026190990864200002,null,3,6,1
1205,779,5.007805,17.1,17.100000,0.055334,0.045873,10376495353736824278,null,3,6,1
1206,773,5.008677,17.1,17.100000,0.055334,0.045873,13347773654200455619,null,4,6,1
1207,779,5.007213,17.1,17.100000,0.055334,0.045873,14030935764344479863,null,4,6,1
1208,773,5.012888,27.02,27.020000,0.055334,0.040380,9859441063413496363,null,5,6,1
1209,779,5.006605,22.76,22.760000,0.055334,0.042741,3388389377921480676,null,5,6,1
1210,774,5.008288,16.46,16.460000,0.055334,0.046225,11439604969500595882,null,6,6,1
1211,779,5.007544,14.27,14.270000,0.055334,0.047439,15607735782656233499,null,6,6,1
1212,774,5.007399,16.46,16.460000,0.055334,0.046225,12085769636612839433,null,7,6,1
1213,774,0.453015,100,100.000000,22.102683,0.000013,3430696530595205480,null,7,6,1
1214,785,5.010274,51.71,51.710000,0.055334,0.026721,16485131002658117440,null,0,7,0
1215,790,5.010570,17.06,17.060000,0.055334,0.045892,14024525003455664543,null,0,7,0
1216,795,5.009742,17.1,17.100000,0.055334,0.045873,1935557341854767671,null,0,7,0
1217,800,5.011857,17.1,17.100000,0.055334,0.045873,5113999201978156784,null,0,7,0
1218,805,5.009973,19.89,19.890000,0.055334,0.044326,16090434245141117035,null,0,7,0
1219,810,5.008828,17.09,17.090000,0.055334,0.045876,10067125035248802838,null,0,7,0
1220,815,5.010201,17.1,17.100000,0.055334,0.045873,14425224829510530491,null,0,7,0
1221,820,5.006898,22.06,22.060000,0.055334,0.043127,4802799449663504098,null,0,7,0
1222,826,5.009472,42.73,42.730000,0.055334,0.031688,17777100502133529160,null,0,7,0
1223,831,5.008984,31.35,31.350000,0.055334,0.037985,8884783515664725950,null,0,7,0
1224,836,5.011132,17.11,17.110000,0.055334,0.045866,11278987415002918295,null,0,7,0
1225,841,5.009366,22.77,22.770000,0.055334,0.042734,3772952836355340855,null,0,7,0
1226,846,5.009718,17.06,17.060000,0.055334,0.045892,15933720624119367991,null,0,7,0
1227,851,5.008719,17.06,17.060000,0.055334,0.045892,9599273539913011276,null,0,7,0
1228,856,5.010777,17.06,17.060000,0.055334,0.045892,10381066884076904320,null,0,7,0
1229,861,5.011726,36.1,36.100000,0.055334,0.035360,6414176728720034519,null,0,7,0
1230,866,5.010863,25.65,25.650000,0.055334,0.041139,9968205713530877810,null,0,7,0
1231,871,5.011237,17.03,17.030000,0.055334,0.045909,2576243528939827200,null,0,7,0
1232,876,5.013592,17.06,17.060000,0.055334,0.045892,9996633224031386679,null,0,7,0
1233,881,5.011264,24.25,24.250000,0.055334,0.041913,26586934677832945,null,0,7,0
1234,886,5.010925,17.02,17.020000,0.055334,0.045918,10806394861166992359,null,0,7,0
1235,891,5.010534,17.03,17.030000,0.055334,0.045909,16594386434692268890,null,0,7,0
1236,897,5.009016,17.09,17.090000,0.055334,0.045879,3016435788149826791,null,0,7,0
1237,902,5.009660,17.02,17.020000,0.055334,0.045918,3904593035260755298,null,0,7,0
1238,907,5.012162,36.1,36.100000,0.055334,0.035360,14987612735228675235,null,0,7,0
1239,912,5.007686,17,17.000000,0.055334,0.045924,8515302669992961002,null,0,7,0
1240,917,5.024486,85.73,85.730000,0.055334,0.007895,4522777682453721423,null,0,7,0
1241,922,5.008001,16.99,16.990000,0.055334,0.045931,7309962050538180747,null,0,7,0
1242,927,5.020620,22.78,22.780000,0.055334,0.042728,10797570358598785776,null,0,7,0
1243,932,5.009075,17,17.000000,0.055334,0.045924,1844800323359112342,null,0,7,0
1244,785,5.005870,17.04,17.040000,0.055334,0.045906,15607735782656233496,1,1,7,0
1245,790,5.005860,17.13,17.130000,0.055334,0.045854,8515302669992961003,1,1,7,0
1246,795,5.004790,18.26,18.260000,0.055334,0.045227,15933720624119367976,1,1,7,0
1247,800,5.008380,22.71,22.710000,0.055334,0.042766,10797570358598785777,1,1,7,0
1248,805,5.006070,17.18,17.180000,0.055334,0.045828,3051968416902563182,1,1,7,0
1249,811,5.004530,69.19,69.190000,0.055334,0.017049,6091231026936007328,1,1,7,0
1250,816,5.005680,17.41,17.410000,0.055334,0.045700,7730201508240233948,1,1,7,0
1251,821,5.012380,21.38,21.380000,0.055334,0.043504,17357146153340971142,1,1,7,0
1252,826,5.005990,17.07,17.070000,0.055334,0.045886,6871697907998127980,1,1,7,0
1253,831,5.005120,17.22,17.220000,0.055334,0.045807,13031883155915324271,1,1,7,0
1254,836,5.005760,17.13,17.130000,0.055334,0.045854,2438367077892882413,1,1,7,0
1255,841,5.007000,17.03,17.030000,0.055334,0.045909,7258851163041902505,1,1,7,0
1256,846,5.005630,17.03,17.030000,0.055334,0.045909,1581316283716620766,1,1,7,0
1257,852,5.005270,17.07,17.070000,0.055334,0.045890,7680819091564592591,1,1,7,0
1258,857,5.006410,17.03,17.030000,0.055334,0.045909,409002751242962732,1,1,7,0
1259,862,5.005030,17.02,17.020000,0.055334,0.045918,15187342452980696528,1,1,7,0
1260,867,5.005470,17.05,17.050000,0.055334,0.045899,9126938268006654282,1,1,7,0
1261,872,5.010030,17.13,17.130000,0.055334,0.045854,17080922231238089031,1,1,7,0
1262,877,5.009810,17.06,17.060000,0.055334,0.045892,9033244017297001485,1,1,7,0
1263,882,5.012380,20.11,20.110000,0.055334,0.044207,7621684980841862964,1,1,7,0
1264,887,5.005240,17.05,17.050000,0.055334,0.045901,4360948942631357754,1,1,7,0
1265,893,5.005020,17.05,17.050000,0.055334,0.045902,2793449055366424814,1,1,7,0
1266,898,5.009440,17.04,17.040000,0.055334,0.045905,18330342438869084043,1,1,7,0
1267,903,5.008080,21.78,21.780000,0.055334,0.043282,368614724561065221,1,1,7,0
1268,908,5.005560,16.98,16.980000,0.055334,0.045937,10148103027965132228,1,1,7,0
1269,913,5.005310,18,18.000000,0.055334,0.045372,7719148347628377174,1,1,7,0
1270,918,5.005540,16.98,16.980000,0.055334,0.045937,3784631530634654427,1,1,7,0
1271,923,5.007330,17.04,17.040000,0.055334,0.045905,17870834403251273611,1,1,7,0
1272,928,5.006550,17.04,17.040000,0.055334,0.045905,4493061694778534988,1,1,7,0
1273,934,5.007300,17.04,17.040000,0.055334,0.045905,4369439344673501248,1,1,7,0
1274,785,5.010330,74.94,74.940000,0.063216,0.015842,3422401967926246105,null,2,7,0
1275,790,5.009850,77.72,77.720000,0.071123,0.015847,6793725352358966336,null,2,7,0
1276,795,5.009980,74.94,74.940000,0.063216,0.015842,10329122015685419146,null,2,7,0
1277,800,5.010710,74.94,74.940000,0.063216,0.015842,17628903287254250990,null,2,7,0
1278,805,5.012520,85.73,85.730000,0.055334,0.007895,11422385693793559238,null,2,7,0
1279,810,5.012690,74.94,74.940000,0.063216,0.015842,14194172136764198467,null,2,7,0
1280,815,5.012390,74.94,74.940000,0.063216,0.015842,14495120971199657801,null,2,7,0
1281,821,5.010400,74.94,74.940000,0.063216,0.015842,14182640166729218491,null,2,7,0
1282,826,5.012410,61.17,61.170000,0.063216,0.024548,14947612415453507426,null,2,7,0
1283,831,5.015420,67.86,67.860000,0.063216,0.020320,98791633228216394,null,2,7,0
1284,836,5.011790,62.37,62.370000,0.063216,0.023790,2442611425956051034,null,2,7,0
1285,841,5.012420,61.17,61.170000,0.063216,0.024548,17439108016248966101,null,2,7,0
1286,846,5.011210,57.08,57.080000,0.055334,0.023751,16942804416952638647,null,2,7,0
1287,851,5.014090,57.07,57.070000,0.055334,0.023753,11551633927748700903,null,2,7,0
1288,856,5.011180,57.08,57.080000,0.055334,0.023748,16501106358701134145,null,2,7,0
1289,861,5.011950,54.25,54.250000,0.055334,0.025316,14809497131450842579,null,2,7,0
1290,866,5.010180,57.08,57.080000,0.055334,0.023748,12300757826282035550,null,2,7,0
1291,872,5.010300,54.37,54.370000,0.055334,0.025247,2747122532152662472,null,2,7,0
1292,877,5.010560,54.37,54.370000,0.055334,0.025247,1898364493401705522,null,2,7,0
1293,882,5.010380,71.38,71.380000,0.055334,0.015838,2216699457640567579,null,2,7,0
1294,887,5.012200,54.37,54.370000,0.055334,0.025247,4542265770739812026,null,2,7,0
1295,892,5.011750,54.37,54.370000,0.055334,0.025247,7368096293540818078,null,2,7,0
1296,897,5.014320,54.25,54.250000,0.055334,0.025315,1496397632310065315,null,2,7,0
1297,902,5.009450,81.33,81.330000,0.055334,0.010330,10998661945818205734,null,2,7,0
1298,907,5.012080,53.54,53.540000,0.055334,0.025708,5782026520909072810,null,2,7,0
1299,912,5.011510,54.25,54.250000,0.055334,0.025315,11887601061162270242,null,2,7,0
1300,917,5.009940,57.08,57.080000,0.055334,0.023748,17735767991297136357,null,2,7,0
1301,922,5.011340,57.09,57.090000,0.055334,0.023745,17960189854215354181,null,2,7,0
1302,927,5.011760,54.37,54.370000,0.055334,0.025247,5339805456689548803,null,2,7,0
1303,933,5.011660,54.25,54.250000,0.055334,0.025315,11979470242326241703,null,2,7,0
1304,785,5.006230,85.73,85.730000,0.055334,0.007895,7410915208945376378,null,3,7,0
1305,790,5.007380,85.73,85.730000,0.055334,0.007895,7775367244014786482,null,3,7,0
1306,795,5.031630,85.73,85.730000,0.055334,0.007895,3401912703553402862,null,3,7,0
1307,800,5.007600,85.73,85.730000,0.055334,0.007895,1525346278085095950,null,3,7,0
1308,805,5.008260,85.73,85.730000,0.055334,0.007895,8225069167765131195,null,3,7,0
1309,810,5.007850,85.73,85.730000,0.055334,0.007895,11981941673387033295,null,3,7,0
1310,815,5.030820,85.73,85.730000,0.055334,0.007895,852254270448723515,null,3,7,0
1311,821,5.029990,85.73,85.730000,0.055334,0.007895,13090309414295762289,null,3,7,0
1312,826,5.006970,85.73,85.730000,0.055334,0.007895,10085070730610503375,null,3,7,0
1313,831,5.005630,85.73,85.730000,0.055334,0.007895,8306528240559516779,null,3,7,0
1314,836,5.010400,85.73,85.730000,0.055334,0.007895,2013622052940661407,null,3,7,0
1315,841,5.009050,85.73,85.730000,0.055334,0.007895,8394469221260391678,null,3,7,0
1316,846,5.007970,85.73,85.730000,0.055334,0.007895,4724475719411055499,null,3,7,0
1317,851,5.009750,85.73,85.730000,0.055334,0.007895,1254337307684192174,null,3,7,0
1318,856,5.007940,85.73,85.730000,0.055334,0.007895,12458921853759574538,null,3,7,0
1319,861,5.006320,85.73,85.730000,0.055334,0.007895,6158538956237999619,null,3,7,0
1320,866,5.007390,85.73,85.730000,0.055334,0.007895,3903221372954531190,null,3,7,0
1321,871,5.005660,85.73,85.730000,0.055334,0.007895,11774557512632203602,null,3,7,0
1322,876,5.030540,85.73,85.730000,0.055334,0.007895,16062533876936066293,null,3,7,0
1323,881,5.006240,85.73,85.730000,0.055334,0.007895,373172579476372200,null,3,7,0
1324,886,5.008480,85.73,85.730000,0.055334,0.007895,8054944751532160361,null,3,7,0
1325,891,5.007190,77.04,77.040000,0.055334,0.012705,13224589693891310158,null,3,7,0
1326,897,5.006810,77.04,77.040000,0.055334,0.012705,9616679705989593254,null,3,7,0
1327,902,5.008470,74.05,74.050000,0.055334,0.014357,2526464264770951125,null,3,7,0
1328,907,5.007580,74.05,74.050000,0.055334,0.014357,10553510736875265762,null,3,7,0
1329,912,5.007930,74.05,74.050000,0.055334,0.014357,575622071843629399,null,3,7,0
1330,917,5.006790,74.05,74.050000,0.055334,0.014357,1016041074249124200,null,3,7,0
1331,922,5.007310,74.05,74.050000,0.055334,0.014357,18201401252894154093,null,3,7,0
1332,927,5.007250,74.05,74.050000,0.055334,0.014357,15148513789335240569,null,3,7,0
1333,932,5.006730,74.05,74.050000,0.055334,0.014357,3156848155922793837,null,3,7,0
1334,785,5.007540,100,100.000000,63.134300,0.000013,10353977350526584152,null,4,7,0
1335,790,5.007710,100,100.000000,63.134300,0.000013,12940970901644263010,null,4,7,0
1336,795,5.010020,100,100.000000,63.134300,0.000013,7155772892745610269,null,4,7,0
1337,800,5.009320,100,100.000000,63.134300,0.000013,15993170366971609534,null,4,7,0
1338,805,5.008590,100,100.000000,63.134300,0.000013,4405895111290592485,null,4,7,0
1339,810,5.008460,100,100.000000,63.134300,0.000013,4488215018070752872,null,4,7,0
1340,815,5.010030,100,100.000000,63.134300,0.000013,3413088242301448038,null,4,7,0
1341,820,5.010360,100,100.000000,63.134300,0.000013,3959881957151738534,null,4,7,0
1342,825,5.010650,100,100.000000,63.134300,0.000013,1317540590121019955,null,4,7,0
1343,831,5.010140,100,100.000000,63.134300,0.000013,12205389873855706137,null,4,7,0
1344,836,5.008560,100,100.000000,63.134300,0.000013,16741262600376954000,null,4,7,0
1345,841,5.008710,100,100.000000,63.134300,0.000013,11146790416483047252,null,4,7,0
1346,846,5.008710,100,100.000000,63.134300,0.000013,13040832082457563458,null,4,7,0
1347,851,5.008680,100,100.000000,63.134300,0.000013,1609266451881531773,null,4,7,0
1348,856,5.008840,100,100.000000,63.134300,0.000013,15987685045067314812,null,4,7,0
1349,861,5.008650,100,100.000000,63.134300,0.000013,3447793708801395910,null,4,7,0
1350,866,5.016770,100,100.000000,63.134300,0.000013,4053324332109772778,null,4,7,0
1351,871,5.008980,100,100.000000,63.134300,0.000013,15368435109335915002,null,4,7,0
1352,876,5.010510,100,100.000000,63.134300,0.000013,17365595414886064571,null,4,7,0
1353,881,5.008320,1.79769e+308,,,0.000013,8101293062478807307,null,4,7,0
1354,886,5.008660,100,100.000000,63.134300,0.000013,14166701224408104906,null,4,7,0
1355,891,5.010570,100,100.000000,63.134300,0.000013,3602085251404203651,null,4,7,0
1356,896,5.009510,100,100.000000,63.134300,0.000013,3619489238437330220,null,4,7,0
1357,901,5.009670,100,100.000000,71.126400,0.000013,13950095559220647664,null,4,7,0
1358,906,5.009100,100,100.000000,63.134300,0.000013,6829438646259899161,null,4,7,0
1359,912,5.008760,100,100.000000,63.134300,0.000013,1446713228580011693,null,4,7,0
1360,917,5.011090,100,100.000000,63.134300,0.000013,8583335111497157735,null,4,7,0
1361,922,5.008820,100,100.000000,63.134300,0.000013,16551923059485502557,null,4,7,0
1362,927,5.013090,75.15,75.150000,0.055334,0.013750,15548488949794919711,null,4,7,0
1363,932,5.013810,68.48,68.480000,0.055334,0.017440,1409413052165275844,null,4,7,0
1364,785,5.009200,85.73,85.730000,0.055334,0.007895,5287237134181248397,null,5,7,0
1365,790,5.009150,85.73,85.730000,0.055334,0.007895,5474219048103982729,null,5,7,0
1366,795,5.011350,85.73,85.730000,0.055334,0.007895,962166937243572539,null,5,7,0
1367,800,5.009160,85.73,85.730000,0.055334,0.007895,18059310650618392999,null,5,7,0
1368,805,5.008440,85.73,85.730000,0.055334,0.007895,8086481677005087163,null,5,7,0
1369,810,5.008250,85.73,85.730000,0.055334,0.007895,7438434018299503568,null,5,7,0
1370,815,5.015160,85.73,85.730000,0.055334,0.007895,3149262217917180016,null,5,7,0
1371,821,5.020890,85.73,85.730000,0.055334,0.007895,17187986155343773974,null,5,7,0
1372,826,5.010320,85.73,85.730000,0.055334,0.007895,11626634709382590611,null,5,7,0
1373,831,5.018150,99.97,99.970000,0.055334,0.000016,3824109401453341681,null,5,7,0
1374,836,5.008820,85.73,85.730000,0.055334,0.007895,13405688829972041307,null,5,7,0
1375,841,5.009620,85.73,85.730000,0.055334,0.007895,1850942042716940490,null,5,7,0
1376,846,5.008230,85.73,85.730000,0.055334,0.007895,3424089773345022162,null,5,7,0
1377,851,5.011770,85.73,85.730000,0.055334,0.007895,9167518318825682152,null,5,7,0
1378,856,5.007950,73.5,73.500000,0.055334,0.014665,12591086791475758880,null,5,7,0
1379,861,5.011780,73.5,73.500000,0.055334,0.014665,17433079736386691674,null,5,7,0
1380,866,5.009420,73.5,73.500000,0.055334,0.014665,14979653766329158335,null,5,7,0
1381,871,5.007890,73.5,73.500000,0.055334,0.014665,15815223174114240090,null,5,7,0
1382,876,5.008280,73.5,73.500000,0.055334,0.014665,9654214717085240266,null,5,7,0
1383,881,5.009050,73.5,73.500000,0.055334,0.014665,13853824260872536129,null,5,7,0
1384,887,5.007660,73.5,73.500000,0.055334,0.014665,3321359053523157976,null,5,7,0
1385,892,5.009250,73.5,73.500000,0.055334,0.014665,11200327248223292439,null,5,7,0
1386,897,5.007820,73.5,73.500000,0.055334,0.014665,10429632696849919098,null,5,7,0
1387,902,5.010760,74.81,74.810000,0.055334,0.013939,9949498027390797942,null,5,7,0
1388,907,5.007860,73.5,73.500000,0.055334,0.014665,3960810869575856095,null,5,7,0
1389,912,5.010040,73.5,73.500000,0.055334,0.014665,18001100260881575785,null,5,7,0
1390,917,5.008810,73.5,73.500000,0.055334,0.014665,4062184177917293007,null,5,7,0
1391,922,5.007510,74.65,74.650000,0.055334,0.014025,10361201413447601725,null,5,7,0
1392,927,5.007040,73.5,73.500000,0.055334,0.014665,6254808799731508899,null,5,7,0
1393,932,5.009610,74.81,74.810000,0.055334,0.013938,13903507452104605586,null,5,7,0
1394,785,5.014010,71.37,71.370000,0.055334,0.015843,18091430825522939898,null,6,7,0
1395,790,5.014150,71.37,71.370000,0.055334,0.015843,9253866911904706413,null,6,7,0
1396,795,5.014590,71.37,71.370000,0.055334,0.015843,2049656090197579715,null,6,7,0
1397,800,5.013990,71.37,71.370000,0.055334,0.015843,14251737730660586446,null,6,7,0
1398,805,5.028960,1.79769e+308,,,0.023740,11256668205866367039,null,6,7,0
1399,810,5.017170,71.37,71.370000,0.055334,0.015843,17987430414508135951,null,6,7,0
1400,816,5.013660,71.37,71.370000,0.055334,0.015843,12386200581682454208,null,6,7,0
1401,821,5.014380,71.37,71.370000,0.055334,0.015843,3695986867741020745,null,6,7,0
1402,826,5.013750,71.37,71.370000,0.055334,0.015843,17380644076667936537,null,6,7,0
1403,831,5.013650,71.37,71.370000,0.055334,0.015843,9770192703070244014,null,6,7,0
1404,836,5.013780,71.37,71.370000,0.055334,0.015843,11962535103913165632,null,6,7,0
1405,841,5.013710,71.37,71.370000,0.055334,0.015843,13872411128540743564,null,6,7,0
1406,846,5.013590,71.37,71.370000,0.055334,0.015843,12902501451884201065,null,6,7,0
1407,851,5.014020,71.37,71.370000,0.055334,0.015843,9472603859591635306,null,6,7,0
1408,856,5.010460,76.12,76.120000,0.055334,0.013211,7209376869889170825,null,6,7,0
1409,861,5.013680,71.37,71.370000,0.055334,0.015843,14680227900942932525,null,6,7,0
1410,866,5.014840,71.37,71.370000,0.055334,0.015843,18382468591754525612,null,6,7,0
1411,871,5.013460,71.37,71.370000,0.055334,0.015843,8134213620689891594,null,6,7,0
1412,876,5.018080,71.37,71.370000,0.055334,0.015843,13418429521010185071,null,6,7,0
1413,882,5.015280,71.37,71.370000,0.055334,0.015843,7427867639464114996,null,6,7,0
1414,887,5.006810,1.79769e+308,,,0.015843,17842841658668177305,null,6,7,0
1415,892,5.013790,71.37,71.370000,0.055334,0.015843,16405387388406090335,null,6,7,0
1416,897,5.017850,71.37,71.370000,0.055334,0.015842,8434921093480425991,null,6,7,0
1417,902,5.018030,71.37,71.370000,0.055334,0.015843,3226687958440485203,null,6,7,0
1418,907,5.017750,71.37,71.370000,0.055334,0.015843,1891306949262446851,null,6,7,0
1419,912,5.017630,71.37,71.370000,0.055334,0.015843,7425709004238435634,null,6,7,0
1420,917,5.013800,71.37,71.370000,0.055334,0.015843,17951113939223064270,null,6,7,0
1421,922,5.013760,71.37,71.370000,0.055334,0.015843,6677139245197611635,null,6,7,0
1422,927,5.014030,71.37,71.370000,0.055334,0.015843,2176425576916809577,null,6,7,0
1423,932,5.013890,71.37,71.370000,0.055334,0.015843,1625697543122425701,null,6,7,0
1424,785,5.027570,57.08,57.080000,0.055334,0.023748,17657337559620944063,null,7,7,0
1425,790,5.015280,57.08,57.080000,0.055334,0.023748,7389085043422466745,null,7,7,0
1426,795,5.016340,57.08,57.080000,0.055334,0.023748,12965200048761922659,null,7,7,0
1427,800,5.018030,57.08,57.080000,0.055334,0.023748,10712854594268085456,null,7,7,0
1428,805,5.017490,57.08,57.080000,0.055334,0.023748,13055471320575784435,null,7,7,0
1429,810,5.007390,67.49,67.490000,0.055334,0.017989,8439304397043870042,null,7,7,0
1430,815,5.014150,57.08,57.080000,0.055334,0.023750,17493377344151984306,null,7,7,0
1431,821,5.019770,57.08,57.080000,0.055334,0.023748,7064649462547679750,null,7,7,0
1432,826,5.018680,57.08,57.080000,0.055334,0.023748,15358469728018710693,null,7,7,0
1433,831,5.015090,85.73,85.730000,0.055334,0.007895,10362904123191769456,null,7,7,0
1434,836,5.018410,57.08,57.080000,0.055334,0.023748,15800536383915761294,null,7,7,0
1435,841,5.016090,57.08,57.080000,0.055334,0.023748,8112986456039608990,null,7,7,0
1436,846,5.017620,57.08,57.080000,0.055334,0.023748,5530308254645545760,null,7,7,0
1437,851,5.016020,57.08,57.080000,0.055334,0.023748,3356926837188229393,null,7,7,0
1438,856,5.015640,57.08,57.080000,0.055334,0.023748,13195137582924914819,null,7,7,0
1439,861,5.016280,57.08,57.080000,0.055334,0.023748,8564944209596609567,null,7,7,0
1440,866,5.018270,57.08,57.080000,0.055334,0.023748,9369229745573398257,null,7,7,0
1441,871,5.016830,57.08,57.080000,0.055334,0.023748,12569909003334322961,null,7,7,0
1442,876,5.019580,57.08,57.080000,0.055334,0.023748,17005971664680380053,null,7,7,0
1443,882,5.017480,57.08,57.080000,0.055334,0.023748,2989408744462712045,null,7,7,0
1444,887,5.015630,57.09,57.090000,0.055334,0.023742,7290922441787946372,null,7,7,0
1445,892,5.006770,74.21,74.210000,0.055334,0.014268,3661449953551745482,null,7,7,0
1446,897,5.020180,57.08,57.080000,0.055334,0.023748,3831225550878738974,null,7,7,0
1447,902,5.017020,78.03,78.030000,0.055334,0.012157,5207427624506237704,null,7,7,0
1448,907,5.018500,57.08,57.080000,0.055334,0.023748,11327806754850570489,null,7,7,0
1449,912,5.017980,57.08,57.080000,0.055334,0.023748,4979866854253121737,null,7,7,0
1450,917,5.016810,57.08,57.080000,0.055334,0.023748,12749944517135754231,null,7,7,0
1451,922,5.015900,57.08,57.080000,0.055334,0.023748,17769893813415596858,null,7,7,0
1452,927,5.015850,57.08,57.080000,0.055334,0.023748,13768892140251333237,null,7,7,0
1453,932,5.016720,57.08,57.080000,0.055334,0.023748,7368000861690655058,null,7,7,0
