EvalID,TimeEvaluated,SolverRuntimeSeconds,SolverTerminationStatus,ObjectiveValue,Gap,UpperBound,LowerBound,ConfigID,MipStartID,WorkerID,Iteration,Phase
1,5,5.008879,Normal,34.96,34.960000,21228.000000,13807.069690,14921508010286178949,null,0,1,0
2,10,5.013889,Normal,34.94,34.940000,21228.000000,13811.503782,2823934824078185206,null,0,1,0
3,15,5.005755,Normal,43.88,43.880000,21228.000000,11913.648179,8211792182747950806,null,0,1,0
4,20,5.013497,Normal,35.45,35.450000,21228.000000,13702.892842,7996245778148271637,null,0,1,0
5,25,5.008320,Normal,34.94,34.940000,21228.000000,13811.318816,13816062404021032092,null,0,1,0
6,30,5.021619,Normal,34.94,34.940000,21228.000000,13811.318816,9002657734057019648,null,0,1,0
7,35,5.013028,Normal,34.8,34.800000,21228.000000,13840.265149,4224704790384270877,null,0,1,0
8,40,5.008296,Normal,34.81,34.810000,21228.000000,13837.705617,8510482686144944158,null,0,1,0
9,45,5.008681,Normal,34.77,34.770000,21228.000000,13847.828461,2441688160292591395,null,0,1,0
10,50,5.095019,Normal,34.85,34.850000,21228.000000,13829.386480,9926921806785756364,null,0,1,0
11,55,5.003461,Normal,38.37,38.370000,20293.000000,12506.886533,15620914684035480991,null,0,1,0
12,60,5.007766,Normal,34.95,34.950000,21228.000000,13808.101955,3672685066782420676,null,0,1,0
13,65,5.096351,Normal,34.85,34.850000,21228.000000,13829.979847,3895283216737288575,null,0,1,0
14,70,5.009408,Normal,34.81,34.810000,21228.000000,13839.229683,8683817217222751575,null,0,1,0
15,75,5.024053,Normal,33.09,33.090000,20669.000000,13829.386480,5716513366932268329,null,0,1,0
16,80,5.016836,Normal,33.09,33.090000,20669.000000,13829.386480,18093972939043262630,null,0,1,0
17,85,5.042295,Normal,34.85,34.850000,21228.000000,13829.386480,12463847458926450662,null,0,1,0
18,90,5.029888,Normal,33.09,33.090000,20669.000000,13829.386480,4049809058768046346,null,0,1,0
19,95,5.197366,Normal,34.98,34.980000,21228.000000,13802.348704,16152439357033806954,null,0,1,0
20,100,5.011909,Normal,33.09,33.090000,20669.000000,13829.386480,1934136947684503811,null,0,1,0
21,5,5.015090,Normal,38.95,38.950000,20657.000000,12610.900000,4742023368992659407,null,1,1,0
22,10,5.005520,Normal,42.64,42.640000,20271.000000,11627.500000,6256578975208963304,null,1,1,0
23,15,5.006160,Normal,38.04,38.040000,20646.000000,12791.700000,4212311836723003975,null,1,1,0
24,20,5.002930,Normal,45.26,45.260000,20275.000000,11099.300000,14659532201374470097,null,1,1,0
25,25,5.007380,Normal,37.3,37.300000,20234.000000,12686.600000,7832980973092839478,null,1,1,0
26,30,5.004640,Normal,37.3,37.300000,20234.000000,12686.600000,1501430197555740917,null,1,1,0
27,35,5.003890,Normal,37.3,37.300000,20234.000000,12686.600000,9411331125640118329,null,1,1,0
28,40,5.008760,Normal,38.95,38.950000,20657.000000,12610.900000,11913038991092081129,null,1,1,0
29,45,5.024060,Normal,39.7,39.700000,21039.000000,12686.800000,563417942153125347,null,1,1,0
30,50,5.051920,Normal,36.36,36.360000,21228.000000,13510.000000,2424570734968080462,null,1,1,0
31,55,5.008090,Normal,36.34,36.340000,21228.000000,13513.700000,6640341280984945488,null,1,1,0
32,60,5.134560,Normal,34.81,34.810000,21228.000000,13839.100000,7528584010019658915,null,1,1,0
33,65,5.006580,Normal,36.89,36.890000,21228.000000,13397.600000,13796202416250296955,null,1,1,0
34,70,5.006550,Normal,34.81,34.810000,21228.000000,13839.100000,6947851542263528499,null,1,1,0
35,75,5.006000,Normal,34.81,34.810000,21228.000000,13839.100000,674266504571538495,null,1,1,0
36,80,5.007940,Normal,34.81,34.810000,21228.000000,13839.100000,6230978523204293797,null,1,1,0
37,85,5.121930,Normal,34.85,34.850000,21228.000000,13829.500000,18016015827293245568,null,1,1,0
38,90,5.005960,Normal,34.94,34.940000,21228.000000,13811.200000,16610721701438061041,null,1,1,0
39,95,5.201500,Normal,34.81,34.810000,21228.000000,13839.100000,18383038580111202040,null,1,1,0
40,101,5.081130,Normal,34.92,34.920000,21228.000000,13815.100000,13025461907805689768,null,1,1,0
41,106,5.003730,Normal,45.77,45.770000,21081.000000,11432.135964,5821395819549732184,null,0,1,1
42,111,5.008580,Normal,33.09,33.090000,20669.000000,13829.386480,7007527411728903466,null,0,1,1
43,116,5.016890,Normal,34.85,34.850000,21228.000000,13829.386480,15738207401696033230,null,0,1,1
44,121,5.008134,Normal,34.85,34.850000,21228.000000,13829.386480,4622496136456745471,null,0,1,1
45,127,5.007793,Normal,32.98,32.980000,20669.000000,13852.091586,17762131527754956216,null,0,1,1
46,106,5.007589,Normal,34.85,34.850000,21228.000000,13829.386480,3694648719411587968,null,1,1,1
47,111,5.138267,Normal,34.85,34.850000,21228.000000,13829.386480,7422268349200971449,null,1,1,1
48,116,5.300018,Normal,34.85,34.850000,21228.000000,13829.386480,231443602503077352,null,1,1,1
49,121,5.367693,Normal,34.85,34.850000,21228.000000,13829.386480,7762461172917103576,null,1,1,1
50,127,5.003292,Normal,34.05,34.050000,21228.000000,13999.622419,10527565032974281871,null,1,1,1
51,132,5.008627,Normal,32.98,32.980000,20669.000000,13852.091586,12923482420613352064,null,0,2,0
52,137,5.010032,Normal,33.05,33.050000,20669.000000,13838.164148,15890968564940412849,null,0,2,0
53,142,5.012793,Normal,34.76,34.760000,21228.000000,13850.128421,13270157537350744524,null,0,2,0
54,147,5.004215,Normal,45.64,45.640000,21081.000000,11459.829028,14586949753085927489,null,0,2,0
55,152,5.035646,Normal,32.98,32.980000,20669.000000,13852.091586,9502138475279850732,null,0,2,0
56,157,5.008084,Normal,32.98,32.980000,20669.000000,13852.091586,16926420007300693272,null,0,2,0
57,132,5.042510,Normal,41.48,41.480000,21228.000000,12422.600000,1936112650225247007,null,1,2,0
58,137,5.005460,Normal,41.78,41.780000,21228.000000,12358.500000,562975314443398145,null,1,2,0
59,142,5.006020,Normal,41.72,41.720000,21228.000000,12372.600000,10385546598114173019,null,1,2,0
60,147,5.007020,Normal,40.08,40.080000,20669.000000,12385.500000,9828275164801337805,null,1,2,0
61,152,5.006680,Normal,42.16,42.160000,21228.000000,12278.600000,1659184138020198685,null,1,2,0
62,157,5.037710,Normal,40.32,40.320000,21228.000000,12669.100000,5634379095028721074,null,1,2,0
63,162,5.006926,Normal,43.78,43.780000,24636.000000,13850.128421,10334058121990252233,null,0,2,1
64,167,5.009123,Normal,48.31,48.310000,26795.000000,13850.128421,14586066954360233841,null,0,2,1
65,172,5.007398,Normal,43.65,43.650000,24613.000000,13868.494767,17848168223697111918,null,0,2,1
66,177,5.006676,Normal,37.29,37.290000,22117.000000,13868.494767,1172163091676232768,null,0,2,1
67,182,5.007437,Normal,34.75,34.750000,21228.000000,13852.091586,14139012751787056135,null,0,2,1
68,187,5.004867,Normal,52.52,52.520000,29171.000000,13850.128421,15588810202750965786,null,0,2,1
69,192,5.006966,Normal,34.31,34.310000,21083.000000,13850.128421,14712828549876657659,null,0,2,1
70,197,5.007800,Normal,33.5,33.500000,20828.000000,13850.128421,16588177315545161367,null,0,2,1
71,202,5.009141,Normal,32.98,32.980000,20669.000000,13852.091586,1619870192065812733,null,0,2,1
72,207,5.009065,Normal,34.75,34.750000,21228.000000,13852.091586,18268514176348895791,null,0,2,1
73,212,5.008859,Normal,32.98,32.980000,20669.000000,13852.091586,6409681827098466155,null,0,2,1
74,217,5.007075,Normal,34.76,34.760000,21228.000000,13850.128421,14770118649835015038,null,0,2,1
75,222,5.010293,Normal,32.98,32.980000,20669.000000,13852.091586,10245340847481372013,null,0,2,1
76,227,5.009353,Normal,32.98,32.980000,20669.000000,13852.091586,8516036491308601242,null,0,2,1
77,232,5.007491,Normal,34.76,34.760000,21228.000000,13850.128421,12406771329139044133,null,0,2,1
78,237,5.008080,Normal,34.75,34.750000,21228.000000,13852.091586,16996895721664879187,null,0,2,1
79,242,5.007361,Normal,32.98,32.980000,20669.000000,13852.091586,3284241547962368810,null,0,2,1
80,247,5.007833,Normal,32.98,32.980000,20669.000000,13852.091586,9733392011429787076,null,0,2,1
81,252,5.006777,Normal,34.75,34.750000,21228.000000,13852.091586,13155169650897750152,null,0,2,1
82,162,5.007476,Normal,34.75,34.750000,21228.000000,13852.091586,7273159649133987834,null,1,2,1
83,167,5.008197,Normal,34.76,34.760000,21228.000000,13850.128421,8253580539105688546,null,1,2,1
84,172,5.005184,Normal,45.15,45.150000,20866.000000,11445.547849,16853932007063647115,null,1,2,1
85,177,5.007635,Normal,34.89,34.890000,21228.000000,13820.691777,8097420372537005358,null,1,2,1
86,182,5.007957,Normal,34.76,34.760000,21228.000000,13850.128421,4126320504266010566,null,1,2,1
87,187,5.008332,Normal,34.75,34.750000,21228.000000,13852.091586,17676843617530353629,null,1,2,1
88,192,5.010120,Normal,34.76,34.760000,21228.000000,13850.128421,9105324884823186552,null,1,2,1
89,197,5.008518,Normal,34.75,34.750000,21228.000000,13850.868291,6333618515598342619,null,1,2,1
90,202,5.079530,Normal,34.76,34.760000,21228.000000,13850.128421,16871396354990068692,null,1,2,1
91,207,5.008599,Normal,34.76,34.760000,21228.000000,13850.128421,17210595129376345610,null,1,2,1
92,212,5.013858,Normal,34.76,34.760000,21228.000000,13850.128421,5505693646034634520,null,1,2,1
93,217,5.009986,Normal,34.75,34.750000,21228.000000,13852.091586,17615884196176487674,null,1,2,1
94,222,5.008594,Normal,61.26,61.260000,31082.000000,12040.118209,18151880839289773413,null,1,2,1
95,227,5.006644,Normal,34.76,34.760000,21228.000000,13850.128421,12697165453520672618,null,1,2,1
96,232,5.007926,Normal,34.75,34.750000,21228.000000,13850.868291,9745600964545008848,null,1,2,1
97,237,5.006426,Normal,34.75,34.750000,21228.000000,13852.091586,9740419631868498477,null,1,2,1
98,242,5.008302,Normal,34.76,34.760000,21228.000000,13850.128421,2578700803669663269,null,1,2,1
99,247,5.008204,Normal,34.76,34.760000,21228.000000,13850.128421,6242113866559207548,null,1,2,1
100,252,5.008401,Normal,34.75,34.750000,21228.000000,13852.091586,7448725141750284901,null,1,2,1
101,257,5.010013,Normal,34.75,34.750000,21228.000000,13852.091586,4315626313789569245,null,0,3,0
102,262,5.011401,Normal,34.85,34.850000,21228.000000,13829.582531,17264550690005303924,null,0,3,0
103,267,5.008676,Normal,34.84,34.840000,21228.000000,13831.430932,8242628130356740020,null,0,3,0
104,272,5.005807,Normal,34.85,34.850000,21228.000000,13829.979847,6359814027899569988,null,0,3,0
105,277,5.008364,Normal,32.98,32.980000,20669.000000,13852.091586,16926420007300693272,null,0,3,0
106,282,5.010600,Normal,34.74,34.740000,21228.000000,13852.740784,11033001228418104203,null,0,3,0
107,287,5.013835,Normal,34.75,34.750000,21228.000000,13852.091586,14656261548138007519,null,0,3,0
108,292,5.013679,Normal,34.75,34.750000,21228.000000,13852.091586,2129506718383349860,null,0,3,0
109,297,5.006854,Normal,34.95,34.950000,21228.000000,13808.493709,18445332529599928890,null,0,3,0
110,303,5.150014,Normal,34.84,34.840000,21228.000000,13831.430932,9458936047095380866,null,0,3,0
111,257,5.004600,Normal,44.91,44.910000,21098.000000,11623.600000,7147135457885674662,null,1,3,0
112,262,5.007000,Normal,45.39,45.390000,20534.000000,11213.000000,5775337971809330852,null,1,3,0
113,267,5.004820,Normal,43.93,43.930000,20250.000000,11354.900000,18175809604148860896,null,1,3,0
114,272,5.002880,Normal,43.93,43.930000,20250.000000,11354.900000,16790066100009312751,null,1,3,0
115,277,5.004220,Normal,60.66,60.660000,28270.000000,11121.100000,13147332480047203356,null,1,3,0
116,282,5.003640,Normal,43.93,43.930000,20250.000000,11354.900000,673911515589884100,null,1,3,0
117,287,5.003630,Normal,45.42,45.420000,20862.000000,11385.700000,5356692138585353416,null,1,3,0
118,292,5.004240,Normal,47.2,47.200000,21061.000000,11121.100000,8847045878922394036,null,1,3,0
119,297,5.010390,Normal,39.96,39.960000,20794.000000,12483.800000,17282621176659554623,null,1,3,0
120,302,5.006030,Normal,41.25,41.250000,21083.000000,12385.300000,12908128793544730322,null,1,3,0
121,308,5.009110,Normal,34.75,34.750000,21228.000000,13852.091586,1341365640315030110,null,0,3,1
122,313,5.240724,Normal,32.7,32.700000,20560.000000,13836.106736,3876713027028592671,null,0,3,1
123,308,5.009704,Normal,34.76,34.760000,21228.000000,13850.128421,5056407636224826968,null,1,3,1
124,313,5.006974,Normal,36.73,36.730000,21845.000000,13821.876893,6751170231463334781,null,1,3,1
125,318,5.008564,Normal,32.18,32.180000,20415.000000,13844.756578,2507083000242617546,null,0,4,0
126,323,5.009673,Normal,32.18,32.180000,20415.000000,13844.756578,4316300572178579971,null,0,4,0
127,328,5.014027,Normal,32.32,32.320000,20415.000000,13815.962344,6879283608786339991,null,0,4,0
128,333,5.009454,Normal,32.18,32.180000,20415.000000,13844.756578,8774746683883706258,null,0,4,0
129,338,5.015994,Normal,32.18,32.180000,20415.000000,13846.095349,7386842837111664060,null,0,4,0
130,343,5.038063,Normal,32.6,32.600000,20415.000000,13759.868190,15297458292216360777,null,0,4,0
131,348,5.013620,Normal,32.35,32.350000,20415.000000,13811.514563,6871609351750312389,null,0,4,0
132,353,5.010459,Normal,32.16,32.160000,20415.000000,13850.412405,6909017128788656393,null,0,4,0
133,358,5.008534,Normal,32.16,32.160000,20415.000000,13850.412405,11739024723476438899,null,0,4,0
134,363,5.009561,Normal,32.36,32.360000,20415.000000,13808.259721,6238061282789445373,null,0,4,0
135,368,5.007292,Normal,32.63,32.630000,20560.000000,13850.412405,11210044239239566312,null,0,4,0
136,373,5.004020,Normal,43.54,43.540000,20169.000000,11386.576029,17417558226045560816,null,0,4,0
137,378,5.192599,Normal,34.41,34.410000,20415.000000,13390.066712,17572509503259105468,null,0,4,0
138,384,5.006655,Normal,32.81,32.810000,20560.000000,13813.821832,6309502863328652964,null,0,4,0
139,318,5.004590,Normal,41.44,41.440000,21582.000000,12638.900000,2973460704683891113,null,1,4,0
140,323,5.014470,Normal,37.99,37.990000,21114.000000,13092.300000,7044118478033625482,null,1,4,0
141,328,5.005290,Normal,42.05,42.050000,21520.000000,12470.300000,1518182576595291102,null,1,4,0
142,333,5.005780,Normal,36.98,36.980000,20324.000000,12808.500000,16561966105265507019,null,1,4,0
143,338,5.002800,Normal,39.25,39.250000,21083.000000,12808.500000,7034415221811872761,null,1,4,0
144,343,5.003630,Normal,38.1,38.100000,20218.000000,12514.300000,3613845824345695933,null,1,4,0
145,348,5.020460,Normal,36.98,36.980000,20324.000000,12808.500000,13975185922448872714,null,1,4,0
146,353,5.005250,Normal,40.16,40.160000,21083.000000,12615.400000,10999609289912751246,null,1,4,0
147,358,5.012230,Normal,40.85,40.850000,21083.000000,12470.300000,2386308370940360646,null,1,4,0
148,363,5.006470,Normal,39.29,39.290000,20782.000000,12617.000000,14129450018351165818,null,1,4,0
149,368,5.120800,Normal,34.86,34.860000,21228.000000,13827.900000,9873648394008915382,null,1,4,0
150,373,5.042320,Normal,34.86,34.860000,21228.000000,13827.900000,9593025974855574479,null,1,4,0
151,378,5.006180,Normal,34.87,34.870000,21228.000000,13824.900000,5464366727493075818,null,1,4,0
152,383,5.017360,Normal,34.12,34.120000,20978.000000,13820.700000,15576063023604227714,null,1,4,0
153,389,5.006573,Normal,32.63,32.630000,20560.000000,13850.412405,789427079570387649,null,0,4,1
154,394,5.004329,Normal,32.72,32.720000,20986.000000,14120.013036,8087140407595297292,null,0,4,1
155,399,5.008130,Normal,32.63,32.630000,20560.000000,13850.412405,10159297268949865401,null,0,4,1
156,404,5.007843,Normal,32.63,32.630000,20560.000000,13850.412405,16937621748427903701,null,0,4,1
157,409,5.007296,Normal,32.63,32.630000,20560.000000,13850.412405,8099122166196027048,null,0,4,1
158,414,5.008815,Normal,32.63,32.630000,20560.000000,13850.412405,1577721142119590977,null,0,4,1
159,419,5.007211,Normal,32.63,32.630000,20560.000000,13850.412405,11694473153450535543,null,0,4,1
160,424,5.010361,Normal,35.87,35.870000,21548.000000,13817.863478,5530058939132444657,null,0,4,1
161,429,5.006176,Normal,33.1,33.100000,20670.000000,13828.704733,1661576002836771452,null,0,4,1
162,434,5.005883,Normal,35.26,35.260000,21345.000000,13817.708327,17602121486037410313,null,0,4,1
163,439,5.078716,Normal,41.67,41.670000,21682.000000,12646.373522,9426884811041453086,null,0,4,1
164,389,5.008523,Normal,33.93,33.930000,20962.000000,13850.412405,1855667608423626926,null,1,4,1
165,394,5.011471,Normal,32.69,32.690000,20576.000000,13850.412405,17849903508989247430,null,1,4,1
166,399,5.007732,Normal,32.63,32.630000,20560.000000,13850.412405,18082374388610961681,null,1,4,1
167,404,5.007803,Normal,32.63,32.630000,20560.000000,13850.412405,340145622016721916,null,1,4,1
168,409,5.007855,Normal,32.63,32.630000,20560.000000,13850.412405,5896166316113652605,null,1,4,1
169,414,5.008872,Normal,32.63,32.630000,20560.000000,13850.412405,2172151198234102263,null,1,4,1
170,419,5.007710,Normal,32.63,32.630000,20560.000000,13850.412405,10857923030969285251,null,1,4,1
171,424,5.009839,Normal,32.63,32.630000,20560.000000,13850.412405,11537600036071430906,null,1,4,1
172,429,5.008763,Normal,32.63,32.630000,20560.000000,13850.412405,6559642157376530351,null,1,4,1
173,434,5.008233,Normal,32.63,32.630000,20560.000000,13850.412405,16816387976067270871,null,1,4,1
174,439,5.008752,Normal,32.15,32.150000,20415.000000,13850.600062,5177611978851030851,null,1,4,1
175,444,5.053028,Normal,32.16,32.160000,20415.000000,13850.412405,8489665613014232330,null,0,5,0
176,449,5.005106,Normal,32.63,32.630000,20560.000000,13850.412405,11179807283650069273,null,0,5,0
177,454,5.004921,Normal,32.3,32.300000,20410.000000,13817.863478,2229459341372953263,null,0,5,0
178,459,5.086375,Normal,32.68,32.680000,20560.000000,13840.948008,15253559920891782092,null,0,5,0
179,464,5.004659,Normal,47.97,47.970000,26589.000000,13834.432457,10891077047597600363,null,0,5,0
180,469,5.023511,Normal,32.63,32.630000,20560.000000,13850.412405,1772419575943764305,null,0,5,0
181,474,5.010156,Normal,32.2,32.200000,20419.000000,13844.843138,10717067013620175066,null,0,5,0
182,479,5.005639,Normal,32.63,32.630000,20560.000000,13850.412405,10323191024546523760,null,0,5,0
183,484,5.017858,Normal,32.63,32.630000,20560.000000,13850.412405,16891211270941976602,null,0,5,0
184,489,5.006921,Normal,34.85,34.850000,21228.000000,13830.660565,12070432287133050447,null,0,5,0
185,494,5.006429,Normal,32.36,32.360000,20415.000000,13808.259721,5508101513896282938,null,0,5,0
186,499,5.005228,Normal,32.63,32.630000,20560.000000,13850.412405,6953516938273408059,null,0,5,0
187,504,5.017516,Normal,31.61,31.610000,20241.000000,13842.885160,2658513974355915164,null,0,5,0
188,509,5.009122,Normal,31.61,31.610000,20241.000000,13842.885160,9128241950857262322,null,0,5,0
189,514,5.038434,Normal,31.61,31.610000,20241.000000,13841.811265,659200154032387182,null,0,5,0
190,520,5.108354,Normal,31.65,31.650000,20241.000000,13833.808650,18180523572653036116,null,0,5,0
191,525,5.096762,Normal,31.49,31.490000,20186.000000,13830.387817,9461500919781381614,null,0,5,0
192,530,5.005850,Normal,34.78,34.780000,21219.000000,13839.287697,6834913656626518848,null,0,5,0
193,535,5.021037,Normal,31.45,31.450000,20186.000000,13837.824239,17398681436501648492,null,0,5,0
194,540,5.006013,Normal,33.7,33.700000,20852.000000,13824.338983,1385188139084516700,null,0,5,0
195,545,5.165071,Normal,31.77,31.770000,20241.000000,13809.824267,7921912676064930895,null,0,5,0
196,550,5.005497,Normal,33.02,33.020000,20642.000000,13825.148056,9014836630471637903,null,0,5,0
197,555,5.167721,Normal,31.45,31.450000,20186.000000,13837.824239,11263189647877154457,null,0,5,0
198,560,5.179716,Normal,35.15,35.150000,21345.000000,13842.813790,12944747971043716279,null,0,5,0
199,565,5.003767,Normal,34.49,34.490000,20955.000000,13728.097275,5984817054499638785,null,0,5,0
200,570,5.005695,Normal,31.39,31.390000,20186.000000,13850.466863,14189818522757060294,null,0,5,0
201,575,5.004189,Normal,35.68,35.680000,21083.000000,13559.547061,13336158295795436007,null,0,5,0
202,444,5.005230,Normal,37.79,37.790000,20314.000000,12636.800000,9174206716603421921,null,1,5,0
203,449,5.010420,Normal,40.13,40.130000,20884.000000,12503.400000,643498237618556281,null,1,5,0
204,454,5.006210,Normal,37.79,37.790000,20314.000000,12636.800000,8069692935362696546,null,1,5,0
205,459,5.119410,Normal,36.04,36.040000,21615.000000,13825.500000,17874722628451733573,null,1,5,0
206,464,5.008820,Normal,36.1,36.100000,21615.000000,13812.100000,2746300090526770186,null,1,5,0
207,469,5.068960,Normal,36.04,36.040000,21615.000000,13825.500000,14424490609733866327,null,1,5,0
208,474,5.172230,Normal,35.96,35.960000,21615.000000,13841.200000,3450782967436205633,null,1,5,0
209,479,5.007290,Normal,32.17,32.170000,20360.000000,13810.300000,18182635269447243938,null,1,5,0
210,485,5.007450,Normal,32.44,32.440000,20437.000000,13807.400000,2596845938525009294,null,1,5,0
211,490,5.009770,Normal,32.1,32.100000,20360.000000,13823.400000,18321561366799623281,null,1,5,0
212,495,5.006840,Normal,32.35,32.350000,20437.000000,13825.900000,1680222167825884577,null,1,5,0
213,500,5.007110,Normal,31.72,31.720000,20245.000000,13823.600000,3179935137518037653,null,1,5,0
214,505,5.008170,Normal,32.3,32.300000,20422.000000,13826.600000,15227498557945233030,null,1,5,0
215,510,5.047560,Normal,29.7,29.700000,19685.000000,13837.900000,16634609422044037507,null,1,5,0
216,515,5.008580,Normal,30.99,30.990000,20021.000000,13815.600000,9307342815337373793,null,1,5,0
217,520,5.010930,Normal,36.96,36.960000,19685.000000,12410.000000,16390568300611551528,null,1,5,0
218,525,5.373250,Normal,29.7,29.700000,19685.000000,13837.900000,5375072475437543658,null,1,5,0
219,530,5.008340,Normal,30.89,30.890000,20021.000000,13836.600000,2304449956722290153,null,1,5,0
220,535,5.119540,Normal,29.7,29.700000,19685.000000,13837.900000,8408887107381089058,null,1,5,0
221,540,5.009670,Normal,30.93,30.930000,20021.000000,13828.900000,11941952868985597378,null,1,5,0
222,545,5.052500,Normal,30.95,30.950000,20021.000000,13824.600000,10745618583205981227,null,1,5,0
223,550,5.007160,Normal,31.04,31.040000,20021.000000,13806.800000,2475796381810843371,null,1,5,0
224,555,5.050950,Normal,29.7,29.700000,19685.000000,13837.900000,1079964999732878655,null,1,5,0
225,561,5.042700,Normal,30.88,30.880000,20021.000000,13837.900000,16893869711110272575,null,1,5,0
226,566,5.199860,Normal,29.7,29.700000,19685.000000,13837.900000,4146725748404217945,null,1,5,0
227,571,5.007380,Normal,30.95,30.950000,20021.000000,13824.200000,16475687706838210060,null,1,5,0
228,576,5.158420,Normal,32.19,32.190000,20372.000000,13814.200000,4759701930781312465,null,1,5,0
229,581,5.005311,Normal,36.2,36.200000,20560.000000,13116.851952,10853623621462738500,null,0,5,1
230,586,5.038070,Normal,29.7,29.700000,19685.000000,13837.924903,17963156975883559889,null,0,5,1
231,591,5.003138,Normal,59.63,59.630000,30316.000000,12239.378274,16867734287441512748,null,0,5,1
232,596,5.005041,Normal,64.25,64.250000,34232.000000,12239.378274,11656771897529953748,null,0,5,1
233,601,5.003319,Normal,55.46,55.460000,30064.000000,13389.109800,11139497312968639098,null,0,5,1
234,606,5.126765,Normal,29.7,29.700000,19685.000000,13837.924903,1386720083216013678,null,0,5,1
235,612,5.137778,Normal,29.7,29.700000,19685.000000,13837.924903,2004940121521006510,null,0,5,1
236,617,5.074441,Normal,29.7,29.700000,19685.000000,13837.924903,4621525699618971170,null,0,5,1
237,622,5.316305,Normal,29.7,29.700000,19685.000000,13837.924903,10048280611159496635,null,0,5,1
238,627,5.106344,Normal,29.7,29.700000,19685.000000,13837.924903,10384508021605202472,null,0,5,1
239,632,5.004827,Normal,29.7,29.700000,19685.000000,13837.924903,14365048778635802022,null,0,5,1
240,637,5.123719,Normal,29.7,29.700000,19685.000000,13837.924903,12343501182876712701,null,0,5,1
241,642,5.004424,Normal,30.88,30.880000,20021.000000,13837.924903,2898425489874019907,null,0,5,1
242,647,5.152630,Normal,29.7,29.700000,19685.000000,13837.924903,14254230179157259813,null,0,5,1
243,653,5.004957,Normal,29.7,29.700000,19685.000000,13837.924903,3932629485625539715,null,0,5,1
244,658,5.003220,Normal,28,28.000000,19685.000000,14172.790523,2003046499367785865,null,0,5,1
245,581,5.187019,Normal,29.7,29.700000,19685.000000,13837.924903,7527885058736229000,null,1,5,1
246,586,5.008485,Normal,30.88,30.880000,20021.000000,13837.924903,2186938709820073428,null,1,5,1
247,591,5.008144,Normal,29.7,29.700000,19685.000000,13837.924903,8857757871696335985,null,1,5,1
248,596,5.009425,Normal,32.17,32.170000,20394.000000,13833.525703,188600926946943183,null,1,5,1
249,601,5.005992,Normal,30.85,30.850000,20005.000000,13832.700164,13431776532027849933,null,1,5,1
250,606,5.190232,Normal,29.7,29.700000,19685.000000,13837.924903,10012422937291763449,null,1,5,1
251,611,5.007356,Normal,30.11,30.110000,19810.000000,13845.245217,6936834434815637848,null,1,5,1
252,617,5.007434,Normal,30.04,30.040000,19810.000000,13858.128575,13037328235169160848,null,1,5,1
253,622,5.051664,Normal,30.11,30.110000,19810.000000,13845.245217,16103327012707150570,null,1,5,1
254,627,5.101214,Normal,29.7,29.700000,19685.000000,13837.924903,6876877817211055771,null,1,5,1
255,632,5.007682,Normal,30.89,30.890000,20021.000000,13836.577064,11617480668129265717,null,1,5,1
256,637,5.007722,Normal,30.88,30.880000,20021.000000,13837.924903,10608450413175504600,null,1,5,1
257,642,5.030546,Normal,29.7,29.700000,19685.000000,13837.924903,6235298302879067122,null,1,5,1
258,648,5.198863,Normal,29.7,29.700000,19685.000000,13837.924903,9614055382961951167,null,1,5,1
259,653,5.003209,Normal,37.23,37.230000,21778.000000,13670.683993,216880898266228548,null,1,5,1
260,663,5.003924,Normal,32.19,32.190000,20372.000000,13814.155984,14740290314824507992,null,0,6,0
261,668,5.007136,Normal,29.7,29.700000,19685.000000,13837.924903,4663464283743758153,null,0,6,0
262,673,5.351607,Normal,55.55,55.550000,31131.000000,13837.924903,429523997968704925,null,0,6,0
263,678,5.006767,Normal,36.2,36.200000,20560.000000,13116.851952,15722232087716553708,null,0,6,0
264,683,5.007446,Normal,30.99,30.990000,20021.000000,13815.596048,1571344000881467336,null,0,6,0
265,688,5.073986,Normal,32.61,32.610000,20506.000000,13819.163993,17545027681179712472,null,0,6,0
266,693,5.004274,Normal,30.95,30.950000,20021.000000,13824.636646,7858222550938559462,null,0,6,0
267,698,5.083796,Normal,29.7,29.700000,19685.000000,13837.924903,7630962590551755546,null,0,6,0
268,703,5.063001,Normal,30.88,30.880000,20021.000000,13837.924903,60338934279219714,null,0,6,0
269,708,5.004442,Normal,31.04,31.040000,20021.000000,13806.751859,15857220708007458574,null,0,6,0
270,714,5.193125,Normal,29.7,29.700000,19685.000000,13837.924903,4385974259939942162,null,0,6,0
271,719,5.053316,Normal,39.91,39.910000,19685.000000,11828.074150,13876334059680276658,null,0,6,0
272,724,5.031449,Normal,30.93,30.930000,20021.000000,13828.940416,14526892819509531970,null,0,6,0
273,729,5.004671,Normal,29.7,29.700000,19685.000000,13837.924903,13164030139113493507,null,0,6,0
274,734,5.006230,Normal,35.71,35.710000,21495.000000,13818.314380,2333662486958669385,null,0,6,0
275,739,5.005317,Normal,30.89,30.890000,20021.000000,13836.577064,8857757871696335985,null,0,6,0
276,744,5.042791,Normal,29.7,29.700000,19685.000000,13837.924903,17259795368826912244,null,0,6,0
277,749,5.031953,Normal,29.7,29.700000,19685.000000,13837.924903,14773595108199559021,null,0,6,0
278,663,5.015580,Normal,33.79,33.790000,20675.000000,13689.200000,16208472646048057468,null,1,6,0
279,668,5.024310,Normal,34.06,34.060000,21014.000000,13857.600000,17488875576452612263,null,1,6,0
280,673,5.005530,Normal,35.63,35.630000,20613.000000,13268.000000,17758436726435907524,null,1,6,0
281,678,5.008960,Normal,34.06,34.060000,21014.000000,13857.600000,692764328438716886,null,1,6,0
282,683,5.006290,Normal,34.03,34.030000,20675.000000,13638.800000,16746799421616287533,null,1,6,0
283,688,5.005610,Normal,35.89,35.890000,21311.000000,13663.200000,10087142348306371151,null,1,6,0
284,693,5.029900,Normal,31.3,31.300000,20005.000000,13743.400000,8894574428577700871,null,1,6,0
285,698,5.013810,Normal,32.54,32.540000,20272.000000,13675.200000,4102316318626900996,null,1,6,0
286,703,5.004270,Normal,51.52,51.520000,28270.000000,13705.900000,17991316901277653111,null,1,6,0
287,708,5.005900,Normal,32.37,32.370000,20272.000000,13709.400000,4337213611366279595,null,1,6,0
288,713,5.007360,Normal,32.27,32.270000,20272.000000,13730.100000,14921904718879462132,null,1,6,0
289,718,5.014180,Normal,35.06,35.060000,21069.000000,13682.000000,15055018001752405119,null,1,6,0
290,723,5.014120,Normal,32.54,32.540000,20272.000000,13675.200000,4003121719921889101,null,1,6,0
291,728,5.005680,Normal,32.66,32.660000,20272.000000,13652.100000,13322667533277203101,null,1,6,0
292,733,5.068060,Normal,32.37,32.370000,20272.000000,13709.400000,15300387750513147220,null,1,6,0
293,738,5.010120,Normal,32.62,32.620000,20272.000000,13659.900000,5062035424604378026,null,1,6,0
294,743,5.015770,Normal,32.54,32.540000,20272.000000,13675.200000,11495179290140654518,null,1,6,0
295,748,5.011320,Normal,32.54,32.540000,20272.000000,13675.200000,10037863373612758299,null,1,6,0
296,754,5.042845,Normal,29.7,29.700000,19685.000000,13837.924903,6960567532284938934,null,0,6,1
297,759,5.086566,Normal,29.7,29.700000,19685.000000,13837.924903,3487328154668083218,null,0,6,1
298,764,5.129293,Normal,29.7,29.700000,19685.000000,13837.924903,3833460955969450688,null,0,6,1
299,769,5.152693,Normal,29.7,29.700000,19685.000000,13837.924903,10268320090982364820,null,0,6,1
300,774,5.005246,Normal,29.7,29.700000,19685.000000,13837.924903,1617162143993428137,null,0,6,1
301,779,5.075742,Normal,29.7,29.700000,19685.000000,13837.924903,4021135602746196090,null,0,6,1
302,784,5.006619,Normal,29.7,29.700000,19685.000000,13837.924903,17959400111398896609,null,0,6,1
303,790,5.005455,Normal,29.7,29.700000,19685.000000,13837.924903,2758793864048798128,null,0,6,1
304,795,5.005868,Normal,29.7,29.700000,19685.000000,13837.924903,8090657637611466714,null,0,6,1
305,800,5.004715,Normal,29.7,29.700000,19685.000000,13837.924903,13672769136400246894,null,0,6,1
306,805,5.006387,Normal,29.7,29.700000,19685.000000,13837.924903,9207554246573129133,null,0,6,1
307,810,5.034151,Normal,32.48,32.480000,20488.000000,13832.628066,14580944418853163571,null,0,6,1
308,815,5.003639,Normal,48.06,48.060000,25707.000000,13352.980354,11410753969698680388,null,0,6,1
309,820,5.006561,Normal,30.88,30.880000,20021.000000,13837.924903,749462901700925867,null,0,6,1
310,825,5.004616,Normal,43.01,43.010000,24349.000000,13875.790262,8092957433182525656,null,0,6,1
311,754,5.008937,Normal,35.01,35.010000,21291.000000,13837.924903,2719980983891755784,null,1,6,1
312,759,5.152152,Normal,29.7,29.700000,19685.000000,13837.924903,5515141701851651568,null,1,6,1
313,764,5.098160,Normal,35.77,35.770000,21537.000000,13832.867907,14335329356241254024,null,1,6,1
314,769,5.008130,Normal,30.88,30.880000,20021.000000,13837.924903,4164426959753513540,null,1,6,1
315,774,5.011072,Normal,29.7,29.700000,19685.000000,13837.924903,8777872353821508623,null,1,6,1
316,779,5.007571,Normal,29.7,29.700000,19685.000000,13837.924903,6579604388709107414,null,1,6,1
317,785,5.058902,Normal,29.7,29.700000,19685.000000,13837.924903,15331863095998254202,null,1,6,1
318,790,5.007816,Normal,30.88,30.880000,20021.000000,13837.924903,5218324564984583389,null,1,6,1
319,795,5.009049,Normal,29.7,29.700000,19685.000000,13837.924903,15974268925026479586,null,1,6,1
320,800,5.369267,Normal,29.7,29.700000,19685.000000,13837.924903,2866026236684258436,null,1,6,1
321,805,5.009434,Normal,30.88,30.880000,20021.000000,13837.924903,16460251871065608298,null,1,6,1
322,810,5.011807,Normal,30.88,30.880000,20021.000000,13837.924903,8144455864946330844,null,1,6,1
323,815,5.008549,Normal,33.16,33.160000,20699.000000,13836.083068,12673501903515308261,null,1,6,1
324,820,5.119330,Normal,33.66,33.660000,20841.000000,13825.353327,9558839941262140232,null,1,6,1
325,830,5.010807,Normal,31.66,31.660000,20740.000000,14172.790523,16072786356182036408,null,0,7,0
326,835,5.005947,Normal,29.7,29.700000,19685.000000,13837.924903,1365113460878471670,null,0,7,0
327,840,5.003139,Normal,28,28.000000,19685.000000,14172.790523,7527885058736229000,null,0,7,0
328,845,5.003923,Normal,28.72,28.720000,19685.000000,14032.402464,11526568400493535251,null,0,7,0
329,850,5.003600,Normal,28.19,28.190000,19685.000000,14136.250071,14773595108199559021,null,0,7,0
330,855,5.002891,Normal,30.63,30.630000,20177.000000,13996.414332,14740290314824507992,null,0,7,0
331,860,5.003830,Normal,28,28.000000,19685.000000,14172.790523,13280811443064493314,null,0,7,0
332,865,5.004057,Normal,29.65,29.650000,19685.000000,13848.418238,5717441512816688535,null,0,7,0
333,870,5.013246,Normal,34.14,34.140000,21353.000000,14063.769139,17415390340525394659,null,0,7,0
334,875,5.005070,Normal,28.72,28.720000,19685.000000,14032.402464,3692427663063844496,null,0,7,0
335,880,5.006731,Normal,29.7,29.700000,19685.000000,13837.968540,1523196959855950553,null,0,7,0
336,886,5.006420,Normal,29.7,29.700000,19685.000000,13837.968540,6422604079901295759,null,0,7,0
337,891,5.011628,Normal,29.13,29.130000,19685.000000,13950.309620,4663464283743758153,null,0,7,0
338,896,5.003567,Normal,33.39,33.390000,20971.000000,13969.573645,9434596738502825404,null,0,7,0
339,901,5.004728,Normal,29.7,29.700000,19685.000000,13837.968540,7630962590551755546,null,0,7,0
340,906,5.030952,Normal,43.05,43.050000,24349.000000,13867.949000,8092957433182525656,null,0,7,0
341,911,5.010887,Normal,36.29,36.290000,19685.000000,12540.571685,13876334059680276658,null,0,7,0
342,916,5.006235,Normal,29.74,29.740000,19685.000000,13830.872553,1216955330722475413,null,0,7,0
343,830,5.002630,Normal,65.2,65.200000,30939.000000,10768.200000,10066033893002820985,null,1,7,0
344,835,5.002400,Normal,65.2,65.200000,30939.000000,10768.200000,1691815831427551125,null,1,7,0
345,840,5.002540,Normal,65.17,65.170000,30971.000000,10786.700000,2922977483209398950,null,1,7,0
346,845,5.002520,Normal,66.03,66.030000,29797.000000,10120.700000,17132007806022114907,null,1,7,0
347,850,5.002770,Normal,66.57,66.570000,35191.000000,11763.700000,4704949102983578313,null,1,7,0
348,855,5.002470,Normal,65.17,65.170000,30971.000000,10786.700000,6825180269049964088,null,1,7,0
349,860,5.002420,Normal,65.17,65.170000,30971.000000,10786.700000,3136557042137995941,null,1,7,0
350,865,5.003100,Normal,65.17,65.170000,30971.000000,10786.700000,8863314224734087139,null,1,7,0
351,870,5.003140,Normal,63.73,63.730000,29747.000000,10788.600000,14203046874096729490,null,1,7,0
352,876,5.003350,Normal,63.73,63.730000,29747.000000,10788.600000,9197507994969276848,null,1,7,0
353,881,5.003420,Normal,63.73,63.730000,29747.000000,10788.600000,2317935019766221739,null,1,7,0
354,886,5.006250,Normal,63.73,63.730000,29747.000000,10788.600000,13103520628566871383,null,1,7,0
355,891,5.003380,Normal,63.73,63.730000,29747.000000,10788.600000,3279933107220999377,null,1,7,0
356,896,5.002430,Normal,63.07,63.070000,31818.000000,11750.500000,10227699607532065140,null,1,7,0
357,901,5.002980,Normal,46.8,46.800000,22983.000000,12226.600000,17069271236685547629,null,1,7,0
358,906,5.003090,Normal,63.07,63.070000,31818.000000,11750.500000,9122025807599531867,null,1,7,0
359,911,5.090820,Normal,61.46,61.460000,31818.000000,12262.800000,17374595863959241876,null,1,7,0
360,916,5.103520,Normal,42.7,42.700000,20506.000000,11750.500000,3214778887395607294,null,1,7,0
361,921,5.005197,Normal,29.7,29.700000,19685.000000,13837.924903,97405042840911777,null,0,7,1
362,926,5.191051,Normal,29.7,29.700000,19685.000000,13837.924903,5324261174177194731,null,0,7,1
363,931,5.104586,Normal,29.7,29.700000,19685.000000,13837.924903,10363244668973609518,null,0,7,1
364,936,5.116619,Normal,29.7,29.700000,19685.000000,13837.924903,1743593393975006427,null,0,7,1
365,941,5.004836,Normal,29.7,29.700000,19685.000000,13837.924903,5295805133406514617,null,0,7,1
366,947,5.005747,Normal,29.7,29.700000,19685.000000,13837.924903,2838467315924616694,null,0,7,1
367,952,5.005935,Normal,29.7,29.700000,19685.000000,13837.924903,13085848294694569494,null,0,7,1
368,957,5.165900,Normal,29.7,29.700000,19685.000000,13837.924903,5380842616111910449,null,0,7,1
369,962,5.244057,Normal,29.7,29.700000,19685.000000,13837.924903,16339159421310568562,null,0,7,1
370,921,5.008780,Normal,30.89,30.890000,20021.000000,13836.577064,8508423921666800290,null,1,7,1
371,926,5.143470,Normal,29.7,29.700000,19685.000000,13837.924903,13636881051615234392,null,1,7,1
372,931,5.007411,Normal,30.88,30.880000,20021.000000,13837.924903,9544182672064515154,null,1,7,1
373,936,5.211014,Normal,29.7,29.700000,19685.000000,13837.924903,18134542798888013570,null,1,7,1
374,941,5.009382,Normal,29.7,29.700000,19685.000000,13837.924903,14207708754780349594,null,1,7,1
375,947,5.098712,Normal,29.7,29.700000,19685.000000,13837.924903,15168364999615860449,null,1,7,1
376,952,5.009079,Normal,30.88,30.880000,20021.000000,13837.924903,17810983887621612603,null,1,7,1
377,957,5.150269,Normal,29.7,29.700000,19685.000000,13837.924903,11828939531399600273,null,1,7,1
378,962,4.779163,Normal,29.7,29.700000,19685.000000,13837.924903,8370228455593539872,null,1,7,1
379,967,5.005994,Normal,35.21,35.210000,21353.000000,13835.460994,17415390340525394659,null,0,8,0
380,972,5.101089,Normal,29.7,29.700000,19685.000000,13837.924903,16634609422044037507,null,0,8,0
381,977,5.004851,Normal,31.04,31.040000,20021.000000,13806.751859,15857220708007458574,null,0,8,0
382,982,5.002712,Normal,58.37,58.370000,30316.000000,12619.994393,17279080133227011035,null,0,8,0
383,988,5.393307,Normal,35.01,35.010000,21291.000000,13837.924903,2719980983891755784,null,0,8,0
384,993,5.004349,Normal,29.7,29.700000,19685.000000,13837.924903,13164030139113493507,null,0,8,0
385,998,5.004644,Normal,30.95,30.950000,20021.000000,13824.636646,7858222550938559462,null,0,8,0
386,1003,5.007718,Normal,44.23,44.230000,24753.000000,13805.852497,11410753969698680388,null,0,8,0
387,1008,5.035530,Normal,29.7,29.700000,19685.000000,13837.924903,6353697088278985210,null,0,8,0
388,967,5.041660,Normal,90.81,90.810000,117627.000000,10812.500000,1333389038696787806,null,1,8,0
389,972,5.006970,Normal,90.81,90.810000,117627.000000,10812.500000,17636342262892708068,null,1,8,0
390,977,5.013750,Normal,90.81,90.810000,117627.000000,10812.500000,6919127048350151703,null,1,8,0
391,982,5.018450,Normal,58.61,58.610000,26655.000000,11032.300000,8358169817703430944,null,1,8,0
392,987,5.005510,Normal,58.77,58.770000,26655.000000,10988.700000,16082430971196879440,null,1,8,0
393,992,5.019610,Normal,40.48,40.480000,19924.000000,11859.200000,17175659085661609498,null,1,8,0
394,998,5.017280,Normal,40.96,40.960000,19924.000000,11763.700000,15510213111638626009,null,1,8,0
395,1003,5.007950,Normal,43.83,43.830000,20950.000000,11767.000000,8094095435153669188,null,1,8,0
396,1008,5.006130,Normal,40.8,40.800000,19924.000000,11795.600000,16379680112316933961,null,1,8,0
